1.483120229953834123e-27
2.291785017192131134e-27
3.356280142593029778e-27
4.709758166983905527e-27
6.381871420489001335e-27
8.397717246190783050e-27
1.077700735288110593e-26
1.353348242533897575e-26
1.667413991694276563e-26
2.019713308399057660e-26
2.408671285794767623e-26
2.830439325305613969e-26
3.277890600299942721e-26
3.740223204148891913e-26
4.203889108695396949e-26
4.654687343460867463e-26
5.079950335505137679e-26
5.469871261302547677e-26
5.817846835213967787e-26
6.120263644038856718e-26
6.376149050704584180e-26
6.586848281070329185e-26
6.755675960213649556e-26
6.887436028442342057e-26
6.987792258023614719e-26
7.062597669342542830e-26
7.117337145358900710e-26
7.156778825559219303e-26
7.184836448276158969e-26
7.204585506501859427e-26
7.218364382523627093e-26
7.227906930980471414e-26
7.234474130180860255e-26
7.238969259144111736e-26
7.242031593297385741e-26
7.244109145905093357e-26
7.245513353518474353e-26
7.246459240864860225e-26
7.247094407999327844e-26
7.247519667156648311e-26
7.247803575346621352e-26
7.247992577321576956e-26
7.248118032148307838e-26
7.248201049982295860e-26
7.248255803453838742e-26
7.248291784067451101e-26
7.248315333550586086e-26
7.248330679337960409e-26
7.248340632561892326e-26
7.248347057202553672e-26
7.248351184764098569e-26
