3.935888197169805503e-30
4.052141310074767879e-30
4.161446406942266605e-30
4.263755255720677562e-30
4.359048690653679827e-30
4.447331956658886691e-30
4.528632889779729182e-30
4.603004330476635733e-30
4.670527024869309999e-30
4.731315324278065952e-30
4.785524257837097181e-30
4.833357232794066205e-30
4.875073216005438734e-30
4.910991871403197030e-30
4.941494917137415722e-30
4.967022142943279420e-30
4.988061260924072922e-30
5.005131986275888557e-30
5.018766129047635174e-30
5.029486499027153662e-30
5.037787643960492762e-30
5.044120784724342081e-30
5.048884126742432569e-30
5.052418539176895169e-30
5.055007780408786472e-30
5.056882092135113517e-30
5.058223952948426852e-30
5.059174913649620027e-30
5.059842649682459662e-30
5.060307624226832403e-30
5.060629005824063332e-30
5.060849681890566449e-30
5.061000346202653938e-30
5.061102725229103767e-30
5.061172055370466543e-30
5.061218939579776514e-30
5.061250707779214298e-30
5.061272392685952050e-30
5.061287419205176851e-30
5.061298090334911960e-30
5.061305932136581844e-30
5.061311939181634932e-30
5.061316746999242954e-30
5.061320750350755939e-30
5.061324182379543257e-30
5.061327167300995765e-30
5.061329757415724899e-30
5.061331963090373447e-30
5.061333780444669590e-30
5.061335215247082980e-30
5.061336296615228039e-30
