1.610426521942928771e-28
1.893318587294351200e-28
2.193886033753692472e-28
2.512729674756750588e-28
2.850572021477201783e-28
3.207752041286926439e-28
3.584584680833912482e-28
3.980430234668680133e-28
4.393936805969918398e-28
4.822569280278600363e-28
5.260992111387036522e-28
5.700927245371962304e-28
6.129618935529970551e-28
6.529851861329888349e-28
6.881802471831062457e-28
7.167799755477682382e-28
7.378709963691983067e-28
7.520097448467189211e-28
7.611621350963036888e-28
7.680492246843529586e-28
7.752695131731071965e-28
7.848336471953134732e-28
7.980234312920813589e-28
8.155065914550732822e-28
8.375390752718792794e-28
8.641835842249683818e-28
8.953654344127360035e-28
9.308785449254694588e-28
9.705675561868428283e-28
1.014287247523672985e-27
1.061947281061538731e-27
1.113522211852359076e-27
1.169096792137615373e-27
1.228710208722303609e-27
1.292529633278517219e-27
1.360781114412688249e-27
1.433743761314799736e-27
1.511745182309942153e-27
1.595161413378756386e-27
1.684419678074889412e-27
1.779998975449612209e-27
1.882425864408318382e-27
1.992294032340138604e-27
2.110261523657401433e-27
2.237057350712583735e-27
2.373489218199313543e-27
2.520452159440461302e-27
2.678938380224115652e-27
2.850048359455516092e-27
3.035003426521424576e-27
3.235159632047365516e-27
