3.715562134046454242e-28
3.754688660389927805e-28
3.787947569327589219e-28
3.815807124710564322e-28
3.838788576428438234e-28
3.857449443330218263e-28
3.872362345340026557e-28
3.884092324177619651e-28
3.893175891466874504e-28
3.900104398094428842e-28
3.905313059855703685e-28
3.909175678029568818e-28
3.912004226929569532e-28
3.914052168543582018e-28
3.915520377921172564e-28
3.916564612387835784e-28
3.917303464095557446e-28
3.917825859489861471e-28
3.918197499062874757e-28
3.918466073060683791e-28
3.918665438581040615e-28
3.918819028424108984e-28
3.918942643434659916e-28
3.919046667342059784e-28
3.919137730310562011e-28
3.919219886764841876e-28
3.919295404886798221e-28
3.919365275386391332e-28
3.919429548280052950e-28
3.919487608792961967e-28
3.919538495675987507e-28
3.919581309983016714e-28
3.919615639554679209e-28
3.919641813405893314e-28
3.919660847548254080e-28
3.919674143768289343e-28
3.919683143700141541e-28
3.919689096362842639e-28
3.919692970440918994e-28
3.919695464402889990e-28
3.919697058404625517e-28
3.919698072458191829e-28
3.919698715635520314e-28
3.919699122799483633e-28
3.919699380241611637e-28
3.919699542891960660e-28
3.919699645603314456e-28
3.919699710444051710e-28
3.919699751369439713e-28
3.919699777197051072e-28
3.919699793495336926e-28
