9.065831988102695722e-29
1.067508887729605236e-28
1.237483261973769122e-28
1.415936554018248879e-28
1.601578380404130496e-28
1.792114385917510344e-28
1.983546806939578090e-28
2.169962564830602736e-28
2.343186213232169192e-28
2.493660788817831857e-28
2.612550309891317935e-28
2.694981167098290642e-28
2.742903376291405219e-28
2.764682159058014348e-28
2.772384115704244586e-28
2.777983803103672299e-28
2.790869755558129933e-28
2.817240226685773155e-28
2.860154951405649238e-28
2.920911275812777747e-28
2.999724090236072701e-28
3.096372670755219352e-28
3.209817414709254264e-28
3.339184245495088212e-28
3.483647282901946286e-28
3.642794435414612864e-28
3.816120277773592015e-28
4.003389691757935433e-28
4.204767124633468639e-28
4.420672504391200967e-28
4.651766068916703170e-28
4.898879085635531119e-28
5.162957791356646266e-28
5.445200492471647611e-28
5.746971561257855501e-28
6.069806630003879574e-28
6.415422046414040581e-28
6.785736560951874571e-28
7.182852912499763364e-28
7.609120957361168641e-28
8.067141101358323687e-28
8.559790250089246242e-28
9.090252289043372701e-28
9.662052396398810753e-28
1.027909578404382224e-27
1.094571102188465588e-27
1.166669844310908573e-27
1.244738639141230588e-27
1.329369236469715837e-27
1.421219268419191064e-27
1.521020079749651761e-27
