1.107995109578130581e-26
1.388800921003464796e-26
1.708846436579534939e-26
2.068848551402489195e-26
2.469280910049943417e-26
2.910433655209480151e-26
3.392427958079517591e-26
3.915165227150294385e-26
4.478157496760923747e-26
5.080127462291499789e-26
5.718221844678755742e-26
6.386781319599337365e-26
7.076031006219134355e-26
7.771635642816687183e-26
8.456003261108639451e-26
9.111058110300179222e-26
9.721059214841334587e-26
1.027425027910367896e-25
1.076321896384312320e-25
1.118454578793848259e-25
1.153829088386253948e-25
1.182751842711013163e-25
1.205778363146811439e-25
1.223644814759180127e-25
1.237181509529603678e-25
1.247223783309631472e-25
1.254540450324692557e-25
1.259791295441918116e-25
1.263512656074992591e-25
1.266122802484945094e-25
1.267937780067328291e-25
1.269190686159585565e-25
1.270050251857358857e-25
1.270636831792904206e-25
1.271035269716521884e-25
1.271304805860748120e-25
1.271486476669142669e-25
1.271608519727402306e-25
1.271690255551764873e-25
1.271744838948073227e-25
1.271781188628964629e-25
1.271805328825920858e-25
1.271821315321660975e-25
1.271831870690499537e-25
1.271838817750272415e-25
1.271843373973348583e-25
1.271846350666879311e-25
1.271848287258012646e-25
1.271849541546905095e-25
1.271850350201787773e-25
1.271850869224061800e-25
