1.913743702271948101e-28
2.145150957575492373e-28
2.388441868270271579e-28
2.644409678860231737e-28
2.913883077484716177e-28
3.197481088396293803e-28
3.496144167072282559e-28
3.810574678521993079e-28
4.141569369253492309e-28
4.489640809186635355e-28
4.855333903281554702e-28
5.238762038118162783e-28
5.639795949898448490e-28
6.057381233769301835e-28
6.488942926605660809e-28
6.930490561159553648e-28
7.375194073600848078e-28
7.812547250707628198e-28
8.228745819867616293e-28
8.608380656733271645e-28
8.937587573203654394e-28
9.210893776022546285e-28
9.434370622666091260e-28
9.625530323957138953e-28
9.807451087243723213e-28
1.000234647936476923e-27
1.022709794955725789e-27
1.049212476305291382e-27
1.080294174295435081e-27
1.116174734273748364e-27
1.156878327791452738e-27
1.202387073787506246e-27
1.252662046818542038e-27
1.307581043297197859e-27
1.367067461029260013e-27
1.431108758234908764e-27
1.499753746240282026e-27
1.573121083273075364e-27
1.651392204564234808e-27
1.734809829461429182e-27
1.823674322689788180e-27
1.918340815815285563e-27
2.019218497210167171e-27
2.126770855106523520e-27
2.241518719139095483e-27
2.364041970253767330e-27
2.494980171515045252e-27
2.635047275954429249e-27
2.785032848984584014e-27
2.945810292464520579e-27
3.118345936695132204e-27
