10^5 initial neutrinos of type 2 at energy 1E+19. 
type, NC, CC, DC, InitNuNum, Gen, OutEnergy, InitEnergy.
2 2 0 1 8829 3 14.2294 19 
2 3 0 0 17575 3 14.11901 19 
2 2 0 0 22429 2 14.07558 19 
2 3 0 0 23050 3 15.70015 19 
2 4 0 0 33827 4 16.08136 19 
2 1 0 1 34653 2 14.57552 19 
2 1 0 1 40555 2 14.30544 19 
2 1 0 1 43772 2 14.64789 19 
2 2 0 0 55240 2 17.16535 19 
2 1 0 1 58012 2 14.07661 19 
2 5 0 0 64554 5 16.58716 19 
2 4 0 0 70881 4 16.59388 19 
2 1 0 1 79307 2 14.26555 19 
2 3 0 1 80498 4 14.01279 19 
2 2 0 1 83070 3 14.70243 19 
2 3 0 1 86904 4 14.05641 19 
2 3 0 1 92232 4 14.15136 19 
2 2 0 0 97584 2 16.10849 19 
2 3 0 0 98117 3 16.06451 19 
2 3 0 0 99556 3 15.95701 19 
END
