10^5 initial neutrinos of type 2 at energy 1E+19. 
type, NC, CC, DC, InitNuNum, Gen, OutEnergy, InitEnergy.
2 2 0 0 5 2 17.94323 19 
2 2 0 0 118 2 18.30234 19 
2 6 0 0 134 6 18.63454 19 
2 1 0 0 158 1 19 19 
2 3 0 0 176 3 18.52807 19 
2 2 0 0 420 2 18.7952 19 
2 4 0 0 470 4 17.88025 19 
2 1 0 0 481 1 18.05419 19 
2 2 0 0 574 2 18.04969 19 
2 1 0 0 579 1 18.84815 19 
2 3 0 0 591 3 18.69853 19 
2 3 0 0 689 3 18.81001 19 
2 1 0 0 798 1 18.58309 19 
2 1 0 0 917 1 16.86332 19 
2 2 0 0 938 2 18.5383 19 
2 2 0 0 1123 2 18.72648 19 
2 1 0 0 1124 1 18.69005 19 
2 3 0 0 1172 3 18.24862 19 
2 1 0 0 1289 1 18.98798 19 
2 2 0 0 1367 2 18.32129 19 
2 1 0 0 1374 1 18.76696 19 
2 3 0 0 1383 3 17.73896 19 
2 2 0 0 1419 2 18.97 19 
2 1 0 0 1463 1 18.4695 19 
2 2 0 0 1489 2 18.90951 19 
2 2 0 0 1496 2 18.52239 19 
2 2 0 0 1500 2 18.92114 19 
2 3 0 0 1686 3 18.71306 19 
2 3 0 0 2137 3 18.73793 19 
2 5 0 0 2184 5 17.12042 19 
2 0 0 0 2194 0 19 19 
2 1 0 0 2288 1 18.56681 19 
2 2 0 0 2320 2 18.85513 19 
2 4 0 0 2332 4 17.36939 19 
2 4 0 0 2522 4 18.90882 19 
2 2 0 0 2555 2 18.99707 19 
2 1 0 0 2570 1 18.09219 19 
2 3 0 0 2653 3 16.5355 19 
2 2 0 0 2834 2 18.33573 19 
2 0 0 0 2861 0 19 19 
2 0 0 0 2965 0 19 19 
2 3 0 0 2977 3 18.61432 19 
2 2 0 0 3070 2 17.43507 19 
2 1 0 0 3095 1 18.86906 19 
2 3 0 0 3104 3 18.8814 19 
2 4 0 0 3119 4 18.98028 19 
2 3 0 0 3142 3 18.84312 19 
2 2 0 0 3154 2 17.7729 19 
2 2 0 0 3170 2 17.22581 19 
2 4 0 0 3186 4 18.37226 19 
2 0 0 0 3214 0 19 19 
2 1 0 0 3303 1 18.99576 19 
2 4 0 0 3325 4 17.48079 19 
2 0 0 0 3338 0 19 19 
2 3 0 0 3374 3 17.5434 19 
2 6 0 0 3378 6 17.75009 19 
2 5 0 0 3531 5 17.97252 19 
2 3 0 0 3582 3 18.91943 19 
2 2 0 0 3598 2 18.6408 19 
2 1 0 0 3848 1 18.99659 19 
2 0 0 0 3896 0 19 19 
2 2 0 0 3973 2 18.53021 19 
2 1 0 0 4166 1 18.48574 19 
2 2 0 0 4292 2 18.53625 19 
2 2 0 0 4386 2 18.28449 19 
2 1 0 0 4411 1 18.00796 19 
2 2 0 0 4428 2 18.0353 19 
2 1 0 0 4552 1 16.1271 19 
2 0 0 0 4594 0 19 19 
2 3 0 0 4668 3 18.94946 19 
2 2 0 0 4669 2 18.87068 19 
2 3 0 0 4679 3 18.00485 19 
2 4 0 0 4717 4 18.28721 19 
2 0 0 0 4812 0 19 19 
2 3 0 0 4850 3 17.37248 19 
2 2 0 0 4924 2 18.37644 19 
2 3 0 0 4979 3 18.21011 19 
2 0 0 0 5010 0 19 19 
2 3 0 0 5058 3 18.74184 19 
2 2 0 0 5089 2 17.69009 19 
2 1 0 0 5124 1 18.94631 19 
2 2 0 0 5195 2 18.97839 19 
2 4 0 0 5235 4 18.10996 19 
2 1 0 0 5286 1 18.09219 19 
2 1 0 0 5293 1 18.93834 19 
2 3 0 0 5334 3 18.86974 19 
2 5 0 0 5436 5 18.89799 19 
2 1 0 0 5445 1 18.9114 19 
2 1 0 0 5448 1 18.3542 19 
2 2 0 0 5524 2 18.75052 19 
2 2 0 0 5714 2 18.72292 19 
2 1 0 0 5849 1 17.13893 19 
2 2 0 0 5935 2 18.71382 19 
2 2 0 0 5963 2 18.61247 19 
2 1 0 0 5978 1 17.29907 19 
2 1 0 0 6032 1 17.44607 19 
2 2 0 0 6140 2 18.99694 19 
2 4 0 0 6163 4 18.61689 19 
2 4 0 0 6517 4 18.34113 19 
2 2 0 0 6683 2 18.04497 19 
2 3 0 0 6790 3 18.28598 19 
2 1 0 0 6834 1 17.57043 19 
2 2 0 0 7053 2 17.80106 19 
2 2 0 0 7057 2 18.17126 19 
2 0 0 0 7094 0 19 19 
2 4 0 0 7187 4 17.4972 19 
2 2 0 0 7222 2 18.24501 19 
2 2 0 0 7378 2 18.43457 19 
2 3 0 0 7588 3 18.51065 19 
2 1 0 0 7667 1 18.99902 19 
2 1 0 0 7679 1 18.93269 19 
2 1 0 0 7862 1 18.28574 19 
2 0 0 0 8091 0 19 19 
2 1 0 0 8139 1 17.13893 19 
2 1 0 0 8152 1 16.86332 19 
2 3 0 0 8264 3 18.95209 19 
2 1 0 0 8354 1 18.063 19 
2 1 0 0 8394 1 18.99437 19 
2 1 0 0 8465 1 17.5768 19 
2 2 0 0 8611 2 18.98282 19 
2 3 0 0 8615 3 18.80712 19 
2 3 0 0 8625 3 18.61634 19 
2 1 0 0 8656 1 17.87506 19 
2 2 0 0 8671 2 18.90362 19 
2 5 0 0 8692 5 18.67507 19 
2 3 0 0 8752 3 18.52764 19 
2 0 0 0 8878 0 19 19 
2 0 0 0 8958 0 19 19 
2 1 0 0 9009 1 18.99723 19 
2 1 0 0 9188 1 16.83059 19 
2 2 0 0 9204 2 17.24606 19 
2 3 0 0 9282 3 18.91929 19 
2 2 0 0 9302 2 18.98433 19 
2 3 0 0 9482 3 18.39052 19 
2 3 0 0 9556 3 18.89452 19 
2 4 0 0 9725 4 17.39714 19 
2 0 0 0 9802 0 19 19 
2 1 0 0 9811 1 18.99064 19 
2 2 0 0 9892 2 18.07834 19 
2 1 0 0 9923 1 18.1232 19 
2 3 0 0 10023 3 18.5718 19 
2 4 0 0 10041 4 18.59519 19 
2 1 0 0 10057 1 18.70144 19 
2 1 0 0 10111 1 18.99968 19 
2 1 0 0 10131 1 18.53844 19 
2 4 0 0 10186 4 18.42307 19 
2 1 0 0 10220 1 18.3075 19 
2 0 0 0 10268 0 19 19 
2 4 0 0 10498 4 17.20603 19 
2 2 0 0 10714 2 16.26774 19 
2 2 0 0 10784 2 17.18576 19 
2 1 0 0 10884 1 17.51188 19 
2 1 0 0 10946 1 18.1423 19 
2 3 0 0 11056 3 18.65437 19 
2 1 0 0 11125 1 18.80758 19 
2 1 0 0 11209 1 18.99134 19 
2 3 0 0 11244 3 18.81904 19 
2 3 0 0 11375 3 18.86641 19 
2 4 0 0 11635 4 18.12738 19 
2 2 0 0 11649 2 18.97957 19 
2 2 0 0 11973 2 18.99989 19 
2 2 0 0 12049 2 18.96652 19 
2 3 0 0 12094 3 17.11429 19 
2 3 0 0 12103 3 18.95719 19 
2 1 0 0 12332 1 18.9315 19 
2 3 0 0 12416 3 18.92532 19 
2 0 0 0 12467 0 19 19 
2 5 0 0 12662 5 18.63842 19 
2 3 0 0 12776 3 18.40736 19 
2 1 0 0 12898 1 17.44607 19 
2 2 0 0 12901 2 18.22888 19 
2 2 0 0 12911 2 18.95506 19 
2 2 0 0 12983 2 18.60275 19 
2 1 0 0 13002 1 18.87234 19 
2 3 0 0 13012 3 17.43639 19 
2 2 0 0 13014 2 17.19353 19 
2 1 0 0 13024 1 18.26098 19 
2 2 0 0 13028 2 17.5188 19 
2 3 0 0 13061 3 18.69678 19 
2 4 0 0 13073 4 18.31181 19 
2 3 0 0 13098 3 16.30829 19 
2 0 0 0 13215 0 19 19 
2 2 0 0 13239 2 16.82367 19 
2 2 0 0 13243 2 18.995 19 
2 0 0 0 13251 0 19 19 
2 1 0 0 13385 1 17.78944 19 
2 5 0 0 13478 5 18.00059 19 
2 1 0 0 13498 1 18.96479 19 
2 1 0 0 13513 1 18.69143 19 
2 3 0 0 13558 3 18.08492 19 
2 1 0 0 13649 1 18.40603 19 
2 2 0 0 13671 2 18.65187 19 
2 4 0 0 13708 4 18.49363 19 
2 1 0 0 13777 1 18.31076 19 
2 1 0 0 13992 1 17.13893 19 
2 0 0 0 14214 0 19 19 
2 3 0 0 14457 3 17.96238 19 
2 2 0 0 14466 2 16.9096 19 
2 2 0 0 14483 2 17.77666 19 
2 1 0 0 14555 1 18.81549 19 
2 2 0 0 14582 2 18.04803 19 
2 3 0 0 14634 3 18.13466 19 
2 1 0 0 14687 1 18.99992 19 
2 1 0 0 14750 1 18.16504 19 
2 3 0 0 15063 3 18.86185 19 
2 2 0 0 15165 2 18.63477 19 
2 2 0 0 15172 2 18.5502 19 
2 3 0 0 15208 3 18.45858 19 
2 2 0 0 15247 2 18.60605 19 
2 3 0 0 15261 3 18.28855 19 
2 3 0 0 15375 3 18.04436 19 
2 1 0 1 15438 2 14.53079 19 
2 2 0 0 15468 2 18.584 19 
2 1 0 0 15538 1 16.83059 19 
2 1 0 1 15645 2 14.88609 19 
1 1 0 1 15645 2 14.58284 19 
2 2 0 0 15774 2 18.94425 19 
2 2 0 0 15840 2 17.84358 19 
2 0 0 0 15860 0 19 19 
2 1 0 0 15989 1 18.9968 19 
2 2 0 0 16010 2 17.92066 19 
2 2 0 0 16105 2 18.2363 19 
2 1 0 0 16160 1 16.83059 19 
2 1 0 0 16270 1 17.29907 19 
2 1 0 0 16308 1 18.99949 19 
2 2 0 0 16317 2 17.07628 19 
2 2 0 0 16400 2 18.93075 19 
2 1 0 0 16451 1 17.57043 19 
2 3 0 0 16642 3 18.93832 19 
2 2 0 0 16672 2 17.51844 19 
2 1 0 0 16859 1 19 19 
2 1 0 0 16920 1 17.57043 19 
2 4 0 0 17039 4 18.85325 19 
2 1 0 0 17098 1 18.37035 19 
2 1 0 0 17362 1 18.93001 19 
2 1 0 0 17419 1 17.13893 19 
2 2 0 0 17423 2 18.87349 19 
2 2 0 0 17492 2 18.97758 19 
2 0 0 0 17496 0 19 19 
2 3 0 0 17514 3 18.75316 19 
2 2 0 0 17523 2 18.69486 19 
2 2 0 0 17644 2 18.99329 19 
2 4 0 0 17675 4 17.94721 19 
2 3 0 0 17682 3 17.86333 19 
2 1 0 0 17893 1 18.43946 19 
2 3 0 0 17932 3 18.82075 19 
2 4 0 0 18057 4 18.68377 19 
2 2 0 0 18071 2 18.99007 19 
2 2 0 0 18086 2 18.5717 19 
2 1 0 0 18235 1 17.57043 19 
2 2 0 0 18323 2 18.89434 19 
2 2 0 0 18339 2 16.86969 19 
2 4 0 0 18436 4 17.25628 19 
2 2 0 0 18491 2 18.14019 19 
2 2 0 0 18493 2 18.3009 19 
2 3 0 0 18541 3 18.45998 19 
2 0 0 0 18577 0 19 19 
2 2 0 0 18625 2 16.05497 19 
2 2 0 0 18960 2 18.66518 19 
2 0 0 0 19054 0 19 19 
2 1 0 0 19078 1 18.94592 19 
2 1 0 0 19101 1 16.86332 19 
2 1 0 0 19127 1 18.33159 19 
2 1 0 0 19263 1 18.99992 19 
2 1 0 0 19406 1 18.61845 19 
2 1 0 0 19409 1 18.9224 19 
2 3 0 0 19572 3 18.92866 19 
2 1 0 0 19600 1 18.1232 19 
2 2 0 0 19863 2 18.58741 19 
2 2 0 0 19889 2 17.49114 19 
2 1 0 0 20131 1 17.87506 19 
2 0 0 0 20229 0 19 19 
2 1 0 0 20248 1 18.995 19 
2 1 0 0 20272 1 17.13893 19 
2 3 0 0 20286 3 17.7368 19 
2 2 0 0 20290 2 18.67581 19 
2 2 0 0 20298 2 18.81317 19 
2 1 0 0 20665 1 18.9936 19 
2 1 0 0 20911 1 18.99668 19 
2 2 0 0 20925 2 18.95474 19 
2 3 0 0 20929 3 18.59453 19 
2 0 0 0 20953 0 19 19 
2 2 0 0 20971 2 18.37183 19 
2 3 0 0 20995 3 16.61757 19 
2 1 0 0 21111 1 18.98856 19 
2 3 0 0 21433 3 18.0242 19 
2 6 0 0 21434 6 18.04934 19 
2 1 0 0 21524 1 18.38691 19 
2 2 0 0 21539 2 18.60228 19 
2 3 0 0 21545 3 16.39643 19 
2 3 0 0 21551 3 18.79115 19 
2 3 0 0 21602 3 16.82483 19 
2 1 0 0 21660 1 18.063 19 
2 2 0 0 21850 2 16.93152 19 
2 1 0 0 21856 1 18.92188 19 
2 4 0 0 22016 4 18.14782 19 
2 1 0 0 22067 1 18.71133 19 
2 1 0 0 22133 1 18.9908 19 
2 2 0 0 22147 2 18.2185 19 
2 3 0 0 22205 3 18.81091 19 
2 1 0 0 22287 1 16.83059 19 
2 4 0 0 22345 4 18.67463 19 
2 3 0 0 22410 3 18.39518 19 
2 2 0 0 22413 2 18.5384 19 
2 0 0 0 22654 0 19 19 
2 1 0 0 22783 1 16.83059 19 
2 2 0 0 22960 2 17.05671 19 
2 3 0 0 22978 3 18.21163 19 
2 1 0 0 22980 1 18.91067 19 
2 1 0 0 23021 1 18.4695 19 
2 3 0 0 23035 3 17.61919 19 
2 3 0 0 23271 3 18.7936 19 
2 0 0 0 23301 0 19 19 
2 1 0 0 23304 1 17.29907 19 
2 1 0 0 23376 1 17.95598 19 
2 2 0 0 23381 2 18.95736 19 
2 2 0 0 23498 2 17.83627 19 
2 2 0 0 23506 2 18.35236 19 
2 3 0 0 23551 3 18.81971 19 
2 3 0 0 23666 3 17.42819 19 
2 3 0 0 23673 3 17.60177 19 
2 2 0 0 23712 2 18.70096 19 
2 1 0 0 23794 1 17.29907 19 
2 2 0 0 23842 2 18.31051 19 
2 0 0 0 23874 0 19 19 
2 1 0 0 23892 1 18.9946 19 
2 3 0 0 24015 3 17.03004 19 
2 1 0 0 24046 1 17.13893 19 
2 2 0 0 24184 2 16.1239 19 
2 1 0 0 24285 1 18.79991 19 
2 3 0 0 24448 3 17.22321 19 
2 1 0 0 24482 1 18.98691 19 
2 2 0 0 24608 2 18.05958 19 
2 2 0 0 24631 2 17.65879 19 
2 1 0 0 24705 1 18.63785 19 
2 3 0 0 24880 3 17.22348 19 
2 1 0 0 24951 1 17.66567 19 
2 2 0 0 24983 2 18.91622 19 
2 1 0 0 25042 1 18.77581 19 
2 0 0 0 25190 0 19 19 
2 2 0 0 25252 2 18.00177 19 
2 3 0 0 25286 3 18.42094 19 
2 3 0 0 25385 3 17.11263 19 
2 2 0 0 25425 2 18.93095 19 
2 2 0 0 25576 2 18.9557 19 
2 1 0 0 25661 1 16.1271 19 
2 2 0 0 25890 2 17.86517 19 
2 4 0 0 25892 4 18.28744 19 
2 1 0 0 25924 1 18.91223 19 
2 2 0 0 26035 2 18.77527 19 
2 2 0 0 26050 2 17.05906 19 
2 2 0 0 26508 2 18.96916 19 
2 2 0 0 26538 2 18.49413 19 
2 2 0 0 26712 2 18.97894 19 
2 2 0 0 26830 2 18.86115 19 
2 1 0 0 26839 1 18.99547 19 
2 1 0 0 26886 1 18.99255 19 
2 2 0 0 26963 2 18.89223 19 
2 1 0 0 26973 1 16.1271 19 
2 3 0 0 27119 3 17.83885 19 
2 1 0 0 27128 1 17.44607 19 
2 3 0 0 27313 3 18.27849 19 
2 1 0 1 27444 2 14.30547 19 
2 6 0 0 27460 6 17.34668 19 
2 4 0 0 27490 4 18.92097 19 
2 2 0 0 27562 2 18.94143 19 
2 3 0 0 27571 3 18.54423 19 
2 1 0 0 27728 1 18.99292 19 
2 4 0 0 27763 4 18.42198 19 
2 1 0 0 27804 1 17.84819 19 
2 2 0 0 27862 2 18.16871 19 
2 0 0 0 28005 0 19 19 
2 1 0 0 28051 1 18.82223 19 
2 2 0 0 28169 2 17.4548 19 
2 1 0 0 28277 1 18.7877 19 
2 4 0 0 28419 4 18.63176 19 
2 1 0 0 28479 1 18.99082 19 
2 1 0 1 28497 2 14.09357 19 
2 2 0 0 28609 2 18.9519 19 
2 3 0 0 28630 3 18.78085 19 
2 2 0 0 28663 2 18.72975 19 
2 2 0 0 28744 2 18.66243 19 
2 1 0 0 28845 1 18.99026 19 
2 4 0 0 28850 4 18.43719 19 
2 2 0 0 28944 2 18.19323 19 
2 2 0 0 29000 2 16.93439 19 
2 1 0 0 29168 1 16.86332 19 
2 1 0 0 29375 1 18.90939 19 
2 2 0 0 29436 2 18.67941 19 
2 0 0 0 29641 0 19 19 
2 4 0 0 29657 4 18.77899 19 
2 1 0 0 29883 1 18.99117 19 
2 3 0 0 29953 3 17.44498 19 
2 2 0 0 29964 2 16.59387 19 
2 2 0 0 29980 2 18.79801 19 
2 4 0 0 29987 4 17.88662 19 
2 0 0 0 30024 0 19 19 
2 0 0 0 30053 0 19 19 
2 1 0 0 30198 1 18.99613 19 
2 1 0 0 30349 1 17.66567 19 
2 1 0 0 30394 1 18.84815 19 
2 1 0 0 30421 1 16.94988 19 
2 1 0 1 30535 2 14.62301 19 
2 0 0 0 30567 0 19 19 
2 3 0 0 30603 3 18.69946 19 
2 4 0 0 30698 4 18.71978 19 
2 0 0 0 30704 0 19 19 
2 3 0 0 30780 3 18.89791 19 
2 0 0 0 30806 0 19 19 
2 2 0 0 30816 2 17.86513 19 
2 3 0 0 30865 3 18.96776 19 
2 0 0 0 30952 0 19 19 
2 4 0 0 30983 4 18.63161 19 
2 2 0 0 31051 2 18.53138 19 
2 5 0 0 31104 5 17.75338 19 
2 2 0 0 31183 2 18.9597 19 
2 2 0 0 31308 2 18.93063 19 
2 2 0 0 31365 2 18.73868 19 
2 0 0 0 31610 0 19 19 
2 3 0 0 31879 3 18.64804 19 
2 3 0 0 31887 3 18.73549 19 
2 3 0 0 31915 3 18.27482 19 
2 1 0 0 31946 1 18.68264 19 
2 2 0 0 32231 2 17.67157 19 
2 3 0 0 32262 3 18.70191 19 
2 3 0 0 32296 3 17.68371 19 
2 0 0 0 32335 0 19 19 
2 1 0 0 32518 1 18.31076 19 
2 2 0 0 32545 2 18.93963 19 
2 2 0 0 32583 2 17.80435 19 
2 4 0 0 32592 4 17.63661 19 
2 2 0 0 32622 2 16.42399 19 
2 2 0 0 32624 2 18.74142 19 
2 2 0 0 32698 2 17.45253 19 
2 2 0 0 32801 2 18.59913 19 
2 1 0 0 32824 1 18.99991 19 
2 2 0 0 32827 2 18.83657 19 
2 2 0 0 32919 2 18.88526 19 
2 1 0 0 32940 1 18.93752 19 
2 1 0 0 32972 1 18.96089 19 
2 1 0 0 33087 1 18.99404 19 
2 2 0 0 33125 2 18.10717 19 
2 1 0 0 33128 1 18.99376 19 
2 2 0 0 33252 2 18.96972 19 
2 1 0 0 33335 1 18.59632 19 
2 1 0 0 33341 1 18.99777 19 
2 0 0 0 33462 0 19 19 
2 4 0 0 33603 4 18.4956 19 
2 0 0 0 33634 0 19 19 
2 2 0 0 33743 2 18.0558 19 
2 4 0 0 33872 4 18.6418 19 
2 2 0 0 33903 2 18.24216 19 
2 3 0 0 33926 3 18.42529 19 
2 1 0 0 33935 1 17.66567 19 
2 1 0 0 34051 1 17.6505 19 
2 2 0 0 34077 2 18.97317 19 
2 1 0 0 34272 1 18.90055 19 
2 6 0 0 34418 6 18.37065 19 
2 2 0 0 34434 2 18.9125 19 
2 2 0 0 34458 2 18.88198 19 
2 2 0 0 34625 2 17.78808 19 
2 1 0 0 34629 1 18.83243 19 
2 2 0 0 34646 2 18.22943 19 
2 2 0 0 34793 2 18.96679 19 
2 0 0 0 34865 0 19 19 
2 1 0 0 34902 1 18.97358 19 
2 3 0 0 34925 3 17.16887 19 
2 2 0 0 34955 2 16.04043 19 
2 4 0 0 34959 4 18.45728 19 
2 3 0 0 34999 3 18.02366 19 
2 1 0 0 35014 1 18.94345 19 
2 2 0 0 35020 2 18.27056 19 
2 4 0 0 35075 4 18.95537 19 
2 1 0 0 35097 1 17.81485 19 
2 2 0 0 35114 2 18.24856 19 
2 1 0 0 35159 1 17.5768 19 
2 0 0 0 35167 0 19 19 
2 3 0 0 35202 3 17.60011 19 
2 1 0 0 35270 1 18.20981 19 
2 1 0 0 35274 1 18.58412 19 
2 1 0 0 35291 1 18.96645 19 
2 4 0 0 35313 4 18.27836 19 
2 3 0 0 35447 3 18.53722 19 
2 0 0 0 35484 0 19 19 
2 1 0 0 35538 1 18.88802 19 
2 2 0 0 35604 2 17.54969 19 
2 2 0 0 35683 2 18.84514 19 
2 1 0 0 35932 1 18.70909 19 
2 5 0 0 35945 5 18.35308 19 
2 2 0 0 36120 2 17.78935 19 
2 2 0 0 36221 2 18.65614 19 
2 4 0 0 36262 4 17.97595 19 
2 3 0 0 36291 3 18.26271 19 
2 2 0 0 36307 2 18.25643 19 
2 1 0 0 36333 1 18.99026 19 
2 2 0 0 36365 2 18.96682 19 
2 1 0 0 36622 1 18.63872 19 
2 3 0 0 36636 3 18.6522 19 
2 1 0 0 36647 1 18.60359 19 
2 2 0 0 36740 2 18.40082 19 
2 3 0 0 36897 3 17.8071 19 
2 2 0 0 36907 2 17.50978 19 
2 3 0 0 36932 3 18.94958 19 
2 2 0 0 36951 2 18.53585 19 
2 1 0 0 36970 1 18.99908 19 
2 2 0 0 36983 2 18.9519 19 
2 2 0 0 36992 2 14.81616 19 
2 1 0 0 37373 1 16.1271 19 
2 1 0 0 37450 1 18.77581 19 
2 3 0 0 37550 3 18.58819 19 
2 3 0 0 37585 3 18.50964 19 
2 3 0 0 37677 3 18.53055 19 
2 2 0 0 37738 2 18.31044 19 
2 3 0 0 37745 3 18.52582 19 
2 3 0 0 37806 3 17.51426 19 
2 2 0 0 37846 2 18.52995 19 
2 1 0 0 37864 1 18.97173 19 
2 2 0 0 38005 2 17.76225 19 
2 1 0 0 38157 1 16.1271 19 
2 4 0 0 38192 4 18.67567 19 
2 2 0 0 38245 2 17.83956 19 
2 2 0 0 38309 2 17.97487 19 
2 4 0 0 38327 4 18.95833 19 
2 2 0 0 38328 2 18.79446 19 
2 1 0 0 38576 1 18.99992 19 
2 2 0 0 38603 2 18.94925 19 
2 0 0 0 38645 0 19 19 
2 1 0 0 38675 1 17.66567 19 
2 3 0 0 38681 3 18.17719 19 
2 3 0 0 38695 3 17.48095 19 
2 1 0 0 38808 1 18.92354 19 
2 4 0 0 38954 4 18.76588 19 
2 4 0 0 39032 4 18.3316 19 
2 1 0 0 39055 1 17.44607 19 
2 0 0 0 39069 0 19 19 
2 2 0 0 39105 2 18.31672 19 
2 3 0 0 39290 3 18.56802 19 
2 2 0 0 39320 2 18.99976 19 
2 3 0 0 39356 3 18.9623 19 
2 1 0 0 39379 1 18.99799 19 
2 1 0 0 39447 1 17.66567 19 
2 3 0 0 39497 3 17.97262 19 
2 1 0 0 39539 1 18.67448 19 
2 2 0 0 39590 2 18.18257 19 
2 4 0 0 39634 4 18.683 19 
2 2 0 0 39652 2 18.49928 19 
2 2 0 0 39726 2 18.954 19 
2 2 0 0 39791 2 18.952 19 
2 0 0 0 39979 0 19 19 
2 0 0 0 40040 0 19 19 
2 3 0 0 40105 3 16.2928 19 
2 5 0 0 40137 5 18.90804 19 
2 1 0 0 40313 1 18.99977 19 
2 1 0 0 40673 1 18.49427 19 
2 2 0 0 40741 2 18.82666 19 
2 3 0 0 40749 3 18.89896 19 
2 2 0 0 40873 2 18.70795 19 
2 3 0 0 40909 3 18.59224 19 
2 1 0 0 41019 1 18.33159 19 
2 3 0 0 41128 3 16.01074 19 
2 1 0 0 41184 1 17.55847 19 
2 2 0 0 41202 2 18.71273 19 
2 2 0 0 41281 2 18.90767 19 
2 2 0 0 41288 2 18.59568 19 
2 3 0 0 41305 3 18.48995 19 
2 0 0 0 41372 0 19 19 
2 1 0 0 41388 1 18.99975 19 
2 1 0 0 41390 1 18.987 19 
2 3 0 0 41585 3 17.30642 19 
2 2 0 0 41667 2 18.95421 19 
2 2 0 0 41738 2 18.71467 19 
2 2 0 0 41764 2 18.6964 19 
2 3 0 0 41842 3 18.3348 19 
2 3 0 0 41885 3 17.12195 19 
2 3 0 0 41997 3 18.26328 19 
2 1 0 0 42064 1 18.69149 19 
2 1 0 0 42071 1 18.91158 19 
2 2 0 0 42114 2 18.9713 19 
2 1 0 0 42183 1 18.99924 19 
2 3 0 0 42216 3 18.75754 19 
2 2 0 0 42220 2 18.98901 19 
2 5 0 0 42312 5 18.66604 19 
2 3 0 0 42323 3 18.46758 19 
2 3 0 0 42343 3 18.97008 19 
2 2 0 0 42417 2 16.85627 19 
2 1 0 1 42440 2 14.06338 19 
2 2 0 0 42458 2 18.75488 19 
2 1 0 0 42481 1 18.98212 19 
2 2 0 0 42547 2 18.61179 19 
2 1 0 1 42586 2 14.04521 19 
2 1 0 0 42601 1 17.29907 19 
2 2 0 0 42748 2 18.35603 19 
2 2 0 0 42773 2 16.25518 19 
2 1 0 0 42910 1 18.3075 19 
2 1 0 1 42950 2 14.21949 19 
2 1 0 0 42955 1 18.9946 19 
2 0 0 0 43049 0 19 19 
2 1 0 0 43225 1 18.8147 19 
2 3 0 0 43270 3 17.52734 19 
2 2 0 0 43333 2 18.92502 19 
2 2 0 1 43361 3 14.17492 19 
2 1 0 0 43381 1 17.29907 19 
2 1 0 0 43405 1 18.98307 19 
2 4 0 0 43493 4 17.86967 19 
2 2 0 0 43520 2 18.81304 19 
2 2 0 0 43676 2 18.86599 19 
2 3 0 0 43760 3 18.78387 19 
2 1 0 0 43839 1 18.92117 19 
2 1 0 0 43886 1 17.51188 19 
2 4 0 0 43900 4 18.8282 19 
2 2 0 0 43988 2 17.2103 19 
2 1 0 0 44052 1 18.99814 19 
2 2 0 0 44062 2 18.23942 19 
2 2 0 0 44170 2 18.93528 19 
2 1 0 0 44311 1 18.00796 19 
2 1 0 0 44653 1 16.94988 19 
2 1 0 0 44745 1 18.9734 19 
2 2 0 0 44776 2 18.22317 19 
2 5 0 0 44832 5 18.95181 19 
2 1 0 0 44839 1 18.97565 19 
2 1 0 1 44949 2 14.27463 19 
2 2 0 0 44973 2 18.83167 19 
2 2 0 0 44980 2 18.7866 19 
2 2 0 0 45009 2 18.77888 19 
2 0 0 0 45069 0 19 19 
2 1 0 0 45132 1 18.54665 19 
2 4 0 0 45250 4 18.17077 19 
2 3 0 0 45509 3 16.75257 19 
2 3 0 0 45514 3 18.39222 19 
2 2 0 0 45866 2 17.29687 19 
2 2 0 0 45900 2 18.94228 19 
2 4 0 0 45979 4 17.69748 19 
2 3 0 0 45999 3 18.94831 19 
2 2 0 0 46123 2 18.98936 19 
2 2 0 0 46143 2 18.86119 19 
2 1 0 0 46214 1 18.9908 19 
2 3 0 0 46257 3 18.7641 19 
2 3 0 0 46317 3 18.09886 19 
2 2 0 0 46381 2 18.88601 19 
2 2 0 0 46453 2 18.73756 19 
2 2 0 0 46483 2 18.73804 19 
2 2 0 0 46560 2 18.99643 19 
2 1 0 0 46564 1 18.27704 19 
2 2 0 0 46599 2 17.00477 19 
2 3 0 0 46664 3 18.91046 19 
2 4 0 0 46676 4 17.00234 19 
2 6 0 0 46689 6 18.4278 19 
2 3 0 0 46774 3 18.6774 19 
2 1 0 0 46942 1 17.29907 19 
2 3 0 0 46958 3 18.52221 19 
2 3 0 0 47065 3 18.93383 19 
2 2 0 0 47083 2 18.83898 19 
2 4 0 0 47092 4 18.39194 19 
2 2 0 0 47164 2 18.98811 19 
2 1 0 0 47217 1 18.86525 19 
2 1 0 0 47448 1 18.28499 19 
2 5 0 0 47475 5 17.70219 19 
2 3 0 0 47477 3 17.60029 19 
2 2 0 0 47541 2 18.95962 19 
2 3 0 0 47585 3 18.46171 19 
2 3 0 0 47634 3 18.92983 19 
2 4 0 0 47643 4 17.8612 19 
2 3 0 0 47708 3 18.81447 19 
2 2 0 0 47816 2 18.61265 19 
2 2 0 0 47899 2 18.24388 19 
2 2 0 0 47941 2 18.68694 19 
2 4 0 0 48085 4 18.01988 19 
2 1 0 0 48189 1 17.13893 19 
2 3 0 0 48199 3 17.98657 19 
2 1 0 0 48246 1 18.96165 19 
2 1 0 0 48248 1 17.44607 19 
2 4 0 0 48360 4 18.78211 19 
2 2 0 1 48460 3 14.78053 19 
2 2 0 0 48474 2 17.415 19 
2 3 0 0 48630 3 18.81098 19 
2 3 0 0 48718 3 18.2946 19 
2 2 0 0 48730 2 16.90339 19 
2 1 0 0 48758 1 18.94777 19 
2 2 0 0 48911 2 16.11474 19 
2 2 0 0 48941 2 18.39905 19 
2 3 0 0 49162 3 18.34168 19 
2 3 0 0 49254 3 17.65949 19 
2 2 0 0 49274 2 18.32823 19 
2 2 0 0 49346 2 18.10719 19 
2 1 0 0 49356 1 18.99992 19 
2 1 0 1 49603 2 14.37377 19 
2 3 0 0 49721 3 16.93763 19 
2 3 0 0 49873 3 18.97692 19 
2 3 0 0 49932 3 18.55013 19 
2 1 0 1 50057 2 14.50521 19 
2 2 0 0 50143 2 18.64751 19 
2 3 0 0 50183 3 18.85255 19 
2 1 0 0 50251 1 16.1271 19 
2 4 0 0 50270 4 18.14814 19 
2 2 0 0 50330 2 18.12307 19 
2 2 0 0 50347 2 18.99054 19 
2 5 0 0 50367 5 18.45736 19 
2 1 0 0 50488 1 18.99999 19 
2 1 0 0 50504 1 18.98989 19 
2 3 0 0 50505 3 18.68631 19 
2 2 0 0 50529 2 17.56814 19 
2 2 0 1 50543 3 15.47677 19 
2 2 0 0 50627 2 18.82158 19 
2 2 0 0 50718 2 18.31981 19 
2 2 0 0 50735 2 18.93343 19 
2 2 0 0 50750 2 18.34954 19 
2 5 0 0 50755 5 16.99772 19 
2 1 0 0 50832 1 18.70144 19 
2 2 0 0 50921 2 18.85332 19 
2 2 0 0 50983 2 18.29778 19 
2 2 0 0 51229 2 17.26928 19 
2 4 0 0 51282 4 17.60862 19 
2 1 0 0 51310 1 18.998 19 
2 1 0 0 51390 1 18.99994 19 
2 3 0 0 51411 3 18.60716 19 
2 2 0 0 51430 2 18.89438 19 
2 3 0 0 51521 3 18.28608 19 
2 2 0 0 51526 2 18.92971 19 
2 4 0 0 51555 4 17.44862 19 
2 1 0 0 51627 1 18.98528 19 
2 1 0 0 51723 1 18.28499 19 
2 2 0 0 51740 2 18.99522 19 
2 1 0 0 51762 1 16.1271 19 
2 1 0 0 51890 1 16.86332 19 
2 1 0 0 51911 1 18.95621 19 
2 0 0 0 51964 0 19 19 
2 3 0 0 52117 3 18.74183 19 
2 3 0 0 52131 3 18.15933 19 
2 1 0 0 52156 1 18.93178 19 
2 1 0 0 52207 1 18.57942 19 
2 1 0 0 52220 1 16.1271 19 
2 0 0 0 52246 0 19 19 
2 3 0 0 52259 3 17.72076 19 
2 2 0 0 52272 2 17.55724 19 
2 3 0 0 52541 3 18.61451 19 
2 2 0 0 52565 2 18.8423 19 
2 2 0 0 52590 2 17.88151 19 
2 1 0 0 52609 1 18.99997 19 
2 3 0 0 52624 3 18.83507 19 
2 2 0 0 52632 2 17.70031 19 
2 3 0 0 52679 3 18.77736 19 
2 1 0 0 52744 1 18.9114 19 
2 6 0 0 52767 6 17.01847 19 
2 2 0 0 52768 2 17.12622 19 
2 2 0 0 52835 2 18.96868 19 
2 4 0 0 52927 4 18.86719 19 
2 2 0 0 53264 2 18.67155 19 
2 1 0 0 53349 1 17.95598 19 
2 1 0 0 53414 1 18.91568 19 
2 2 0 0 53416 2 18.99097 19 
2 3 0 0 53478 3 16.81908 19 
2 1 0 0 53496 1 18.74276 19 
2 5 0 0 53641 5 18.96128 19 
2 1 0 0 53686 1 17.57043 19 
2 2 0 0 53749 2 16.09722 19 
2 1 0 0 53885 1 18.95581 19 
2 1 0 0 53967 1 17.57043 19 
2 3 0 0 53991 3 18.75958 19 
2 3 0 0 54046 3 18.72052 19 
2 6 0 0 54097 6 18.10118 19 
2 2 0 0 54120 2 18.58415 19 
2 2 0 0 54156 2 17.44345 19 
2 0 0 0 54165 0 19 19 
2 3 0 0 54169 3 17.50804 19 
2 4 0 0 54176 4 18.93128 19 
2 2 0 0 54209 2 17.72418 19 
2 2 0 0 54287 2 18.6189 19 
2 0 0 0 54404 0 19 19 
2 2 0 0 54408 2 18.79701 19 
2 3 0 0 54471 3 17.43586 19 
2 2 0 0 54584 2 18.8943 19 
2 2 0 0 54646 2 18.91849 19 
2 1 0 0 54651 1 18.05419 19 
2 1 0 0 54656 1 18.20658 19 
2 2 0 0 54823 2 17.58999 19 
2 3 0 0 54839 3 18.7389 19 
2 3 0 0 54959 3 17.7321 19 
2 0 0 0 54980 0 19 19 
2 0 0 0 55175 0 19 19 
2 0 0 0 55182 0 19 19 
2 3 0 0 55248 3 18.62506 19 
2 1 0 0 55262 1 18.97983 19 
2 1 0 0 55319 1 16.1271 19 
2 5 0 0 55472 5 18.05566 19 
2 4 0 0 55475 4 18.80722 19 
2 2 0 0 55517 2 18.94501 19 
2 2 0 0 55531 2 17.97552 19 
2 4 0 0 55578 4 18.97187 19 
2 4 0 0 55646 4 18.17454 19 
2 2 0 0 55748 2 18.25398 19 
2 0 0 0 55750 0 19 19 
2 2 0 0 55821 2 18.12231 19 
2 3 0 0 55850 3 18.58508 19 
2 3 0 0 55954 3 18.37916 19 
2 3 0 0 55997 3 18.64609 19 
2 3 0 0 56306 3 17.48721 19 
2 3 0 0 56339 3 18.62413 19 
2 2 0 0 56370 2 18.99181 19 
2 4 0 0 56506 4 18.89764 19 
2 2 0 0 56528 2 18.99895 19 
2 5 0 0 56575 5 18.31318 19 
2 2 0 0 56577 2 18.94912 19 
2 4 0 0 56578 4 17.91616 19 
2 0 0 0 56593 0 19 19 
2 1 0 0 56602 1 17.84819 19 
2 3 0 0 56624 3 17.14185 19 
2 1 0 0 56683 1 17.6505 19 
2 1 0 0 56746 1 18.9993 19 
2 2 0 0 56751 2 18.97326 19 
2 3 0 0 56797 3 18.41793 19 
2 3 0 0 56801 3 18.31463 19 
2 2 0 0 56882 2 16.15979 19 
2 1 0 0 56939 1 16.1271 19 
2 1 0 0 57031 1 18.78817 19 
2 2 0 0 57061 2 18.98054 19 
2 1 0 0 57111 1 18.03635 19 
2 2 0 0 57288 2 18.80543 19 
2 1 0 0 57307 1 18.56851 19 
2 5 0 0 57323 5 18.62802 19 
2 2 0 0 57372 2 16.37545 19 
2 2 0 0 57374 2 18.99378 19 
2 1 0 0 57383 1 18.98831 19 
2 1 0 0 57604 1 18.9998 19 
2 1 0 0 57658 1 18.99945 19 
2 4 0 0 57683 4 18.50256 19 
2 2 0 0 57791 2 17.55097 19 
2 5 0 0 57802 5 18.04154 19 
2 4 0 0 57983 4 17.26517 19 
2 0 0 0 58016 0 19 19 
2 1 0 0 58037 1 17.29907 19 
2 2 0 0 58092 2 18.8002 19 
2 3 0 0 58206 3 18.95165 19 
2 1 0 0 58344 1 18.3662 19 
2 1 0 0 58505 1 18.93284 19 
2 2 0 0 58537 2 17.14823 19 
2 1 0 0 58598 1 18.9941 19 
2 1 0 0 58701 1 18.99942 19 
2 3 0 0 58754 3 18.66863 19 
2 2 0 0 58771 2 18.99993 19 
2 2 0 0 58785 2 18.93357 19 
2 2 0 0 58822 2 18.23827 19 
2 2 0 0 58903 2 16.86382 19 
2 1 0 0 58916 1 18.94631 19 
2 1 0 0 59001 1 18.99265 19 
2 0 0 0 59098 0 19 19 
2 2 0 0 59240 2 16.99274 19 
2 3 0 0 59310 3 18.10405 19 
2 3 0 0 59394 3 18.05651 19 
2 0 0 0 59561 0 19 19 
2 1 0 0 59563 1 16.83059 19 
2 1 0 0 59733 1 18.58412 19 
2 5 0 0 59752 5 18.47686 19 
2 2 0 0 59794 2 17.52062 19 
2 2 0 0 59925 2 18.6137 19 
2 3 0 0 59996 3 18.98755 19 
2 0 0 0 60018 0 19 19 
2 1 0 0 60267 1 17.84819 19 
2 2 0 0 60322 2 17.60661 19 
2 3 0 0 60471 3 17.99721 19 
2 2 0 0 60489 2 18.14962 19 
2 6 0 0 60577 6 18.25115 19 
2 2 0 0 60675 2 18.86918 19 
2 0 0 0 60717 0 19 19 
2 3 0 0 60732 3 18.40938 19 
2 3 0 0 60814 3 18.61829 19 
2 2 0 0 60864 2 18.61314 19 
2 2 0 0 60891 2 18.65156 19 
2 2 0 0 60905 2 17.03523 19 
2 3 0 0 60908 3 18.38617 19 
2 5 0 0 61047 5 18.51047 19 
2 2 0 0 61056 2 16.93439 19 
2 2 0 0 61283 2 18.95194 19 
2 1 0 0 61349 1 18.00796 19 
2 2 0 0 61397 2 18.13845 19 
2 1 0 0 61441 1 18.99803 19 
2 4 0 0 61469 4 17.13327 19 
2 2 0 0 61624 2 17.90074 19 
2 1 0 0 61872 1 18.53406 19 
2 3 0 0 61965 3 18.62206 19 
2 2 0 0 61973 2 18.90448 19 
2 0 0 0 62037 0 19 19 
2 2 0 0 62072 2 18.96525 19 
2 2 0 0 62168 2 18.97702 19 
2 3 0 0 62176 3 18.82491 19 
2 2 0 0 62179 2 18.6336 19 
2 3 0 0 62201 3 18.26947 19 
2 5 0 0 62339 5 18.33326 19 
2 2 0 0 62374 2 18.59093 19 
2 2 0 0 62450 2 18.61751 19 
2 3 0 0 62457 3 18.18551 19 
2 2 0 0 62536 2 18.79657 19 
2 4 0 0 62545 4 18.65613 19 
2 2 0 0 62642 2 18.60427 19 
2 1 0 0 62715 1 18.99956 19 
2 2 0 0 62720 2 18.54526 19 
2 2 0 0 62831 2 18.05407 19 
2 2 0 0 62868 2 16.11679 19 
2 3 0 0 62903 3 17.50131 19 
2 3 0 0 63036 3 18.28453 19 
2 1 0 0 63092 1 18.99969 19 
2 1 0 0 63097 1 18.99989 19 
2 1 0 0 63153 1 18.91126 19 
2 1 0 0 63248 1 18.90302 19 
2 0 0 0 63289 0 19 19 
2 1 0 0 63304 1 17.13893 19 
2 3 0 0 63349 3 18.3519 19 
2 2 0 0 63395 2 17.89273 19 
2 5 0 0 63403 5 18.77952 19 
2 2 0 0 63419 2 18.17537 19 
2 2 0 0 63440 2 17.0118 19 
2 5 0 0 63788 5 18.64886 19 
2 3 0 0 63850 3 18.80611 19 
2 2 0 0 63853 2 17.81325 19 
2 2 0 0 64161 2 18.41454 19 
2 3 0 0 64182 3 17.79745 19 
2 0 0 0 64225 0 19 19 
2 0 0 0 64301 0 19 19 
2 2 0 0 64329 2 18.91302 19 
2 3 0 0 64339 3 18.5248 19 
2 1 0 0 64389 1 16.86332 19 
2 3 0 0 64466 3 18.07179 19 
2 1 0 0 64479 1 17.85727 19 
2 2 0 0 64546 2 17.18604 19 
2 1 0 0 64556 1 17.51188 19 
2 2 0 0 64573 2 18.04487 19 
2 3 0 0 64583 3 16.93155 19 
2 4 0 0 64820 4 18.08726 19 
2 3 0 0 64822 3 18.89834 19 
2 1 0 0 64839 1 18.95581 19 
2 3 0 0 64859 3 18.84841 19 
2 2 0 0 65016 2 18.19986 19 
2 3 0 0 65065 3 17.71234 19 
2 3 0 0 65141 3 18.97678 19 
2 2 0 0 65168 2 17.86636 19 
2 2 0 0 65198 2 17.90835 19 
2 1 0 0 65219 1 18.9945 19 
2 4 0 0 65221 4 18.15039 19 
2 3 0 0 65320 3 18.29063 19 
2 1 0 0 65358 1 18.94469 19 
2 2 0 0 65430 2 17.23317 19 
2 1 0 0 65485 1 16.1271 19 
2 4 0 0 65532 4 17.44652 19 
2 1 0 0 65538 1 18.98842 19 
2 1 0 0 65633 1 19 19 
2 2 0 0 65701 2 17.29775 19 
2 2 0 0 65728 2 18.41408 19 
2 2 0 0 65734 2 18.23698 19 
2 3 0 0 65822 3 18.39782 19 
2 4 0 0 65827 4 18.9762 19 
2 2 0 0 65909 2 18.15675 19 
2 3 0 0 65971 3 18.98769 19 
2 1 0 0 65991 1 16.86332 19 
2 4 0 0 66041 4 15.85604 19 
2 2 0 0 66051 2 18.91006 19 
2 3 0 0 66217 3 18.12344 19 
2 3 0 0 66235 3 17.44604 19 
2 2 0 0 66290 2 17.98037 19 
2 6 0 0 66374 6 18.59969 19 
2 2 0 0 66670 2 18.64978 19 
2 0 0 0 66711 0 19 19 
2 2 0 0 66713 2 18.96219 19 
2 1 0 0 66790 1 18.9817 19 
2 2 0 0 67015 2 18.13129 19 
2 0 0 0 67041 0 19 19 
2 2 0 0 67068 2 18.72742 19 
2 1 0 0 67117 1 18.8765 19 
2 2 0 0 67323 2 16.39879 19 
2 4 0 0 67390 4 18.56463 19 
2 0 0 0 67433 0 19 19 
2 0 0 0 67438 0 19 19 
2 3 0 0 67452 3 17.86407 19 
2 1 0 0 67532 1 18.77332 19 
2 2 0 0 67545 2 18.16788 19 
2 2 0 0 67584 2 17.56039 19 
2 1 0 0 67738 1 18.1232 19 
2 0 0 0 67761 0 19 19 
2 2 0 0 67797 2 18.85748 19 
2 1 0 0 67833 1 18.37035 19 
2 1 0 0 67863 1 16.86332 19 
2 0 0 0 67888 0 19 19 
2 4 0 0 67923 4 17.56795 19 
2 3 0 0 67931 3 18.79775 19 
2 2 0 0 68027 2 18.68651 19 
2 2 0 0 68032 2 18.81114 19 
2 3 0 0 68072 3 18.97955 19 
2 2 0 0 68075 2 18.91927 19 
2 2 0 0 68305 2 18.74981 19 
2 1 0 0 68341 1 18.71403 19 
2 0 0 0 68353 0 19 19 
2 2 0 0 68464 2 18.90755 19 
2 1 0 0 68468 1 18.94485 19 
2 4 0 0 68537 4 18.07929 19 
2 3 0 0 68625 3 18.20986 19 
2 0 0 0 68720 0 19 19 
2 2 0 0 68854 2 18.50177 19 
2 2 0 0 68979 2 18.82119 19 
2 2 0 0 69164 2 17.39891 19 
2 3 0 0 69185 3 18.06499 19 
2 1 0 0 69187 1 18.99814 19 
2 5 0 0 69293 5 18.67573 19 
2 1 0 0 69399 1 17.57043 19 
2 1 0 0 69490 1 18.1423 19 
2 4 0 0 69503 4 17.4951 19 
2 3 0 0 69504 3 18.26319 19 
2 2 0 0 69523 2 18.99733 19 
2 1 0 0 69860 1 17.6505 19 
2 3 0 0 69962 3 18.3827 19 
2 1 0 0 70003 1 18.8943 19 
2 1 0 0 70059 1 18.99998 19 
2 1 0 0 70117 1 18.99982 19 
2 2 0 0 70179 2 18.67937 19 
2 2 0 0 70552 2 18.76787 19 
2 2 0 0 70615 2 16.12757 19 
2 3 0 0 70691 3 16.07209 19 
2 4 0 0 70812 4 18.93187 19 
2 1 0 0 70916 1 18.97455 19 
2 3 0 0 70919 3 18.97468 19 
2 2 0 0 71085 2 18.74696 19 
2 0 0 0 71130 0 19 19 
2 1 0 0 71150 1 18.48903 19 
2 2 0 0 71176 2 18.74218 19 
2 3 0 0 71184 3 17.47203 19 
2 1 0 0 71187 1 18.85155 19 
2 2 0 0 71482 2 18.31835 19 
2 0 0 0 71540 0 19 19 
2 2 0 0 71556 2 17.58074 19 
2 4 0 0 71688 4 18.17583 19 
2 2 0 0 71720 2 18.95319 19 
2 1 0 0 71761 1 16.1271 19 
2 2 0 0 71769 2 18.1418 19 
2 2 0 0 71789 2 18.6983 19 
2 2 0 0 71950 2 18.77783 19 
2 1 0 0 72243 1 18.70953 19 
2 1 0 0 72320 1 16.94988 19 
2 1 0 0 72408 1 16.1271 19 
2 2 0 0 72432 2 18.32962 19 
2 1 0 0 72498 1 18.76964 19 
2 1 0 0 72507 1 18.82754 19 
2 2 0 0 72592 2 18.92908 19 
2 1 0 0 72598 1 18.72652 19 
2 2 0 0 72623 2 18.8967 19 
2 1 0 0 72675 1 18.52651 19 
2 2 0 0 72757 2 18.92542 19 
2 2 0 0 72838 2 18.84462 19 
2 4 0 0 72980 4 18.77158 19 
2 3 0 0 73160 3 18.30322 19 
2 1 0 0 73212 1 18.97426 19 
2 4 0 0 73223 4 18.94525 19 
2 2 0 0 73264 2 16.72366 19 
2 3 0 0 73320 3 18.69174 19 
2 1 0 0 73475 1 16.1271 19 
2 4 0 0 73535 4 16.87614 19 
2 1 0 0 73564 1 17.84819 19 
2 3 0 0 73690 3 18.22828 19 
2 3 0 0 73759 3 18.06028 19 
2 3 0 0 73775 3 18.81815 19 
2 1 0 0 73885 1 18.70909 19 
2 1 0 0 73915 1 18.97132 19 
2 2 0 0 74113 2 18.58372 19 
2 2 0 0 74117 2 18.96 19 
2 4 0 1 74153 5 14.07329 19 
2 1 0 0 74176 1 18.87531 19 
2 2 0 0 74256 2 17.99373 19 
2 1 0 0 74385 1 18.66739 19 
2 4 0 0 74399 4 18.46473 19 
2 1 0 0 74420 1 18.9908 19 
2 3 0 0 74481 3 17.79554 19 
2 4 0 0 74533 4 17.82643 19 
2 2 0 0 74692 2 18.83096 19 
2 1 0 0 74748 1 18.99902 19 
2 2 0 0 74806 2 18.89063 19 
2 2 0 0 74846 2 18.71956 19 
2 1 0 0 75163 1 17.13893 19 
2 3 0 0 75194 3 17.86637 19 
2 1 0 0 75321 1 17.55847 19 
2 4 0 0 75376 4 18.15038 19 
2 0 0 0 75459 0 19 19 
2 1 0 0 75466 1 18.7877 19 
2 5 0 0 75506 5 17.85713 19 
2 2 0 0 75649 2 18.7205 19 
2 4 0 0 75683 4 18.7113 19 
2 2 0 0 75706 2 18.86412 19 
2 1 0 0 75783 1 18.83243 19 
2 0 0 0 75815 0 19 19 
2 2 0 0 75827 2 17.76124 19 
2 1 0 0 75890 1 18.9945 19 
2 0 0 0 75985 0 19 19 
2 2 0 0 75987 2 18.99097 19 
2 3 0 0 76252 3 18.98529 19 
2 3 0 0 76273 3 18.59933 19 
2 2 0 0 76306 2 18.63268 19 
2 2 0 0 76451 2 18.85837 19 
2 3 0 0 76574 3 15.74251 19 
2 3 0 0 76578 3 18.34193 19 
2 2 0 0 76687 2 18.31657 19 
2 5 0 0 76688 5 18.44992 19 
2 1 0 0 76790 1 18.3542 19 
2 2 0 0 76813 2 17.20929 19 
2 2 0 0 76856 2 18.52129 19 
2 2 0 0 76867 2 18.70431 19 
2 1 0 0 76912 1 18.33159 19 
2 2 0 0 76996 2 18.95472 19 
2 2 0 0 77006 2 18.54264 19 
2 1 0 0 77045 1 17.21085 19 
2 2 0 0 77065 2 18.82757 19 
2 1 0 0 77073 1 17.6505 19 
2 1 0 0 77082 1 18.98977 19 
2 3 0 0 77167 3 18.87629 19 
2 2 0 0 77235 2 18.82926 19 
2 3 0 0 77333 3 18.05109 19 
2 1 0 0 77454 1 17.5768 19 
2 3 0 0 77516 3 17.87603 19 
2 3 0 0 77610 3 18.36069 19 
2 1 0 0 77658 1 17.87506 19 
2 3 0 0 77867 3 18.98299 19 
2 1 0 0 78105 1 18.98173 19 
2 3 0 0 78140 3 18.73897 19 
2 4 0 0 78172 4 18.85173 19 
2 2 0 0 78406 2 18.32716 19 
2 2 0 0 78505 2 18.84013 19 
2 4 0 0 78543 4 18.46087 19 
2 1 0 0 78647 1 18.42575 19 
2 1 0 0 78683 1 18.83387 19 
2 3 0 0 78684 3 18.58862 19 
2 2 0 0 78695 2 16.9447 19 
2 4 0 0 78703 4 16.68861 19 
2 1 0 0 78912 1 16.86332 19 
2 4 0 0 78938 4 18.70336 19 
2 2 0 0 79130 2 17.29905 19 
2 0 0 0 79135 0 19 19 
2 2 0 0 79202 2 18.9698 19 
2 2 0 0 79232 2 18.36648 19 
2 2 0 0 79280 2 18.6541 19 
2 4 0 0 79329 4 18.26675 19 
2 2 0 0 79537 2 18.92646 19 
2 2 0 0 79605 2 18.30938 19 
2 4 0 0 79616 4 18.79218 19 
2 1 0 0 79658 1 18.31372 19 
2 1 0 0 79794 1 18.20142 19 
2 2 0 0 79827 2 18.93057 19 
2 3 0 0 79925 3 18.91241 19 
2 1 0 0 80091 1 18.99573 19 
2 4 0 0 80291 4 18.24097 19 
2 3 0 0 80303 3 18.85062 19 
2 2 0 0 80398 2 18.24928 19 
2 1 0 0 80407 1 18.99659 19 
2 3 0 0 80553 3 18.90334 19 
2 1 0 0 80600 1 18.9998 19 
2 3 0 0 80660 3 16.47528 19 
2 2 0 0 80668 2 18.95304 19 
2 3 0 0 80712 3 18.84373 19 
2 1 0 0 80781 1 18.16504 19 
2 3 0 0 80829 3 18.35579 19 
2 2 0 0 80867 2 14.95204 19 
2 1 0 0 80895 1 18.93369 19 
2 4 0 0 80956 4 18.33888 19 
2 3 0 0 81008 3 18.44538 19 
2 0 0 0 81044 0 19 19 
2 1 0 0 81143 1 18.99774 19 
2 3 0 0 81182 3 17.94725 19 
2 0 0 0 81186 0 19 19 
2 2 0 0 81268 2 18.16145 19 
2 2 0 0 81333 2 18.96173 19 
2 3 0 0 81348 3 18.82275 19 
2 0 0 0 81382 0 19 19 
2 2 0 0 81397 2 18.20805 19 
2 1 0 0 81669 1 18.89553 19 
2 3 0 0 81727 3 18.82862 19 
2 2 0 0 81792 2 17.13477 19 
2 1 0 0 81982 1 16.1271 19 
2 3 0 0 82014 3 18.49521 19 
2 0 0 0 82024 0 19 19 
2 2 0 0 82125 2 18.38505 19 
2 4 0 0 82137 4 18.72312 19 
2 1 0 0 82315 1 17.78944 19 
2 3 0 0 82331 3 17.74866 19 
2 1 0 0 82335 1 18.99999 19 
2 2 0 0 82349 2 18.40931 19 
2 1 0 0 82389 1 18.99997 19 
2 1 0 0 82391 1 17.51188 19 
2 0 0 0 82436 0 19 19 
2 2 0 0 82536 2 18.92715 19 
2 4 0 0 82577 4 18.52066 19 
2 2 0 0 82899 2 18.90739 19 
2 3 0 0 83123 3 17.63509 19 
2 2 0 0 83138 2 18.12307 19 
2 2 0 0 83155 2 18.99497 19 
2 1 0 0 83215 1 18.56851 19 
2 1 0 0 83275 1 16.83059 19 
2 3 0 0 83303 3 18.96799 19 
2 2 0 0 83312 2 18.64344 19 
2 2 0 0 83327 2 18.59977 19 
2 1 0 0 83339 1 17.21085 19 
2 7 0 0 83354 7 18.2969 19 
2 3 0 0 83394 3 18.69709 19 
2 1 0 0 83561 1 17.57043 19 
2 2 0 0 83592 2 18.98456 19 
2 2 0 0 83595 2 18.97318 19 
2 2 0 0 83735 2 18.96961 19 
2 2 0 0 83798 2 17.66567 19 
2 2 0 0 83986 2 18.70028 19 
2 1 0 0 84136 1 18.99845 19 
2 2 0 0 84182 2 18.56743 19 
2 3 0 0 84378 3 14.65028 19 
2 4 0 0 84463 4 18.35856 19 
2 2 0 0 84489 2 18.83069 19 
2 0 0 0 84548 0 19 19 
2 1 0 0 84608 1 17.87506 19 
2 1 0 0 84620 1 18.99885 19 
2 2 0 0 84681 2 18.99602 19 
2 3 0 0 84696 3 18.65579 19 
2 4 0 0 84778 4 18.67507 19 
2 3 0 0 84854 3 18.37389 19 
2 1 0 0 85038 1 17.84819 19 
2 2 0 0 85181 2 18.28026 19 
2 2 0 0 85258 2 17.83793 19 
2 2 0 0 85353 2 18.99914 19 
2 0 0 0 85377 0 19 19 
2 1 0 0 85401 1 18.9315 19 
2 1 0 0 85451 1 18.72496 19 
2 2 0 0 85609 2 18.08592 19 
2 2 0 0 85673 2 18.8995 19 
2 2 0 0 85764 2 17.99015 19 
2 3 0 0 85860 3 17.81272 19 
2 1 0 0 86116 1 17.48728 19 
2 1 0 0 86137 1 16.86332 19 
2 3 0 0 86171 3 18.85927 19 
2 4 0 0 86335 4 18.50778 19 
2 4 0 0 86343 4 17.9888 19 
2 5 0 0 86451 5 18.67941 19 
2 0 0 0 86636 0 19 19 
2 1 0 0 86669 1 16.1271 19 
2 0 0 0 86701 0 19 19 
2 2 0 0 86721 2 18.45066 19 
2 0 0 0 86805 0 19 19 
2 0 0 0 86843 0 19 19 
2 1 0 0 86863 1 18.25375 19 
2 0 0 0 86928 0 19 19 
2 0 0 0 87007 0 19 19 
2 1 0 0 87062 1 16.1271 19 
2 2 0 0 87199 2 18.7991 19 
2 2 0 0 87357 2 17.64991 19 
2 4 0 0 87508 4 18.31605 19 
2 0 0 0 87550 0 19 19 
2 4 0 0 87557 4 18.60372 19 
2 1 0 0 87593 1 18.99625 19 
2 1 0 0 87671 1 18.76041 19 
2 1 0 0 87847 1 17.13893 19 
2 2 0 0 87885 2 18.54997 19 
2 2 0 0 87920 2 18.8687 19 
2 2 0 0 87929 2 18.01006 19 
2 3 0 0 87999 3 17.51568 19 
2 1 0 0 88045 1 18.99925 19 
2 3 0 0 88143 3 17.16957 19 
2 4 0 0 88196 4 17.63267 19 
2 1 0 0 88201 1 18.1423 19 
2 1 0 0 88251 1 18.99491 19 
2 1 0 0 88287 1 18.7236 19 
2 1 0 0 88316 1 18.05419 19 
2 4 0 0 88336 4 18.0388 19 
2 3 0 0 88521 3 18.0752 19 
2 3 0 0 88540 3 18.68474 19 
2 1 0 0 88545 1 18.95581 19 
2 2 0 0 88561 2 16.10694 19 
2 1 0 0 88639 1 18.58412 19 
2 2 0 0 88644 2 18.38947 19 
2 2 0 0 88818 2 16.859 19 
2 6 0 0 88863 6 17.994 19 
2 1 0 0 88865 1 18.93221 19 
2 1 0 0 88923 1 17.48728 19 
2 3 0 0 88975 3 18.51971 19 
2 3 0 0 89022 3 18.92031 19 
2 2 0 0 89094 2 17.47003 19 
2 2 0 0 89163 2 18.99965 19 
2 1 0 0 89175 1 18.99913 19 
2 3 0 0 89308 3 18.97499 19 
2 1 0 0 89409 1 18.99968 19 
2 3 0 0 89436 3 18.9208 19 
2 2 0 0 89442 2 17.66559 19 
2 2 0 0 89548 2 17.92211 19 
2 1 0 0 89573 1 18.99635 19 
2 1 0 0 89627 1 18.85206 19 
2 1 0 0 89687 1 18.99642 19 
2 3 0 0 89701 3 16.89433 19 
2 2 0 0 89952 2 18.58817 19 
2 2 0 0 90006 2 18.34427 19 
2 0 0 0 90092 0 19 19 
2 2 0 0 90578 2 18.85058 19 
2 3 0 0 90591 3 18.649 19 
2 2 0 0 90636 2 18.99349 19 
2 3 0 0 90737 3 18.49503 19 
2 5 0 0 90819 5 18.55849 19 
2 5 0 0 90825 5 18.48792 19 
2 1 0 0 90909 1 18.59247 19 
2 1 0 0 90924 1 16.83059 19 
2 1 0 0 90975 1 18.98252 19 
2 1 0 0 91065 1 16.94988 19 
2 2 0 0 91105 2 18.71251 19 
2 1 0 0 91109 1 18.99848 19 
2 1 0 0 91140 1 18.83387 19 
2 2 0 0 91145 2 18.14853 19 
2 0 0 0 91229 0 19 19 
2 1 0 0 91311 1 18.69773 19 
2 3 0 0 91368 3 17.44431 19 
2 1 0 0 91407 1 18.28499 19 
2 0 0 0 91460 0 19 19 
2 1 0 1 91778 2 14.85685 19 
2 3 0 0 91917 3 18.69503 19 
2 0 0 0 91971 0 19 19 
2 2 0 0 92092 2 17.76628 19 
2 3 0 0 92105 3 18.91328 19 
2 5 0 0 92150 5 18.51377 19 
2 2 0 0 92165 2 17.69141 19 
2 3 0 0 92225 3 18.04095 19 
2 2 0 0 92299 2 18.99878 19 
2 2 0 0 92370 2 18.9617 19 
2 2 0 0 92380 2 18.03079 19 
2 4 0 0 92399 4 18.59766 19 
2 1 0 0 92413 1 18.99337 19 
2 0 0 0 92580 0 19 19 
2 0 0 0 92582 0 19 19 
2 2 0 0 92595 2 18.3462 19 
2 6 0 0 92614 6 18.3524 19 
2 4 0 0 92667 4 18.669 19 
2 1 0 0 92843 1 18.86477 19 
2 2 0 0 92868 2 18.84652 19 
2 2 0 0 92928 2 18.39695 19 
2 1 0 0 92935 1 18.98528 19 
2 3 0 0 92966 3 17.12294 19 
2 2 0 0 93039 2 18.3994 19 
2 1 0 0 93394 1 18.90458 19 
2 1 0 0 93528 1 18.97152 19 
2 3 0 0 93558 3 16.16281 19 
2 2 0 0 93672 2 18.94546 19 
2 2 0 0 93697 2 17.57961 19 
2 1 0 0 93728 1 18.83387 19 
2 1 0 0 93765 1 18.9998 19 
2 2 0 1 93838 3 14.00976 19 
2 5 0 0 93848 5 18.22664 19 
2 1 0 1 93910 2 14.09797 19 
2 1 0 0 94090 1 17.81485 19 
2 2 0 0 94140 2 18.7427 19 
2 1 0 0 94388 1 18.6657 19 
2 1 0 0 94578 1 16.83059 19 
2 3 0 0 94709 3 18.65533 19 
2 1 0 0 94760 1 18.83127 19 
2 4 0 0 94835 4 17.17833 19 
2 1 0 0 95032 1 17.57043 19 
2 4 0 0 95093 4 18.88851 19 
2 5 0 0 95180 5 18.10205 19 
2 1 0 0 95188 1 18.35696 19 
2 2 0 0 95554 2 18.58588 19 
2 2 0 0 95562 2 18.17475 19 
2 3 0 0 95579 3 18.32471 19 
2 3 0 0 95580 3 17.65198 19 
2 0 0 0 95666 0 19 19 
2 1 0 0 95722 1 18.6218 19 
2 3 0 0 95723 3 18.76868 19 
2 2 0 0 95809 2 18.66526 19 
2 3 0 0 95861 3 18.8441 19 
2 1 0 0 95865 1 18.42575 19 
2 3 0 0 95906 3 18.44267 19 
2 1 0 0 96000 1 18.68264 19 
2 4 0 0 96041 4 17.27693 19 
2 3 0 0 96101 3 18.25633 19 
2 2 0 0 96177 2 18.91914 19 
2 2 0 0 96182 2 18.62411 19 
2 3 0 0 96183 3 17.49865 19 
2 1 0 0 96187 1 16.1271 19 
2 2 0 0 96201 2 18.7476 19 
2 1 0 0 96357 1 18.95563 19 
2 4 0 0 96764 4 18.18763 19 
2 1 0 0 96829 1 18.99989 19 
2 2 0 0 96855 2 18.72648 19 
2 3 0 0 96918 3 16.91014 19 
2 2 0 0 97065 2 18.98191 19 
2 1 0 0 97336 1 18.89097 19 
2 1 0 0 97398 1 18.53781 19 
2 2 0 0 97548 2 16.94391 19 
2 4 0 0 97576 4 18.24976 19 
2 3 0 0 97984 3 18.52365 19 
2 3 0 0 98065 3 18.48312 19 
2 1 0 0 98081 1 18.90839 19 
2 1 0 0 98112 1 17.5768 19 
2 2 0 0 98252 2 18.24808 19 
2 2 0 0 98256 2 18.67671 19 
2 1 0 0 98334 1 18.85431 19 
2 1 0 0 98430 1 18.98122 19 
2 2 0 0 98442 2 17.22025 19 
2 3 0 0 98471 3 18.58817 19 
2 1 0 0 98716 1 18.72141 19 
2 1 0 0 98731 1 18.58967 19 
2 1 0 0 98749 1 18.70909 19 
2 2 0 0 98775 2 17.83266 19 
2 2 0 0 98807 2 18.84277 19 
2 1 0 0 98815 1 18.80652 19 
2 2 0 0 98820 2 18.12202 19 
2 3 0 0 98873 3 18.98776 19 
2 3 0 0 98961 3 18.17009 19 
2 2 0 0 99025 2 18.82131 19 
2 2 0 0 99043 2 18.89161 19 
2 1 0 0 99143 1 16.1271 19 
2 1 0 0 99157 1 18.60364 19 
2 1 0 0 99161 1 17.44607 19 
2 3 0 0 99260 3 18.0854 19 
2 1 0 0 99280 1 18.97132 19 
2 1 0 0 99361 1 18.41091 19 
2 2 0 0 99398 2 17.58024 19 
2 2 0 0 99444 2 18.2193 19 
2 2 0 0 99465 2 18.67762 19 
2 1 0 0 99552 1 18.68729 19 
2 1 0 0 99606 1 18.91158 19 
2 1 0 0 99621 1 16.83059 19 
2 1 0 0 99693 1 18.40444 19 
2 2 0 0 99803 2 17.34097 19 
2 1 0 0 99886 1 18.69773 19 
END
