7.031521168409855402e-28
7.070606179184741553e-28
7.103818330021498396e-28
7.131627249212502910e-28
7.154555120154438504e-28
7.173159982484061352e-28
7.188014596831477287e-28
7.199683786087898477e-28
7.208703494603436933e-28
7.215564191045089518e-28
7.220700008949212580e-28
7.224483726556260963e-28
7.227226761331383660e-28
7.229182913384114809e-28
7.230554513882706013e-28
7.231499732842167012e-28
7.232139980500917930e-28
7.232566656632294336e-28
7.232846989856216015e-28
7.233029106439337533e-28
7.233146504162998916e-28
7.233221924688150282e-28
7.233270526338562907e-28
7.233302324739860579e-28
7.233323976117479646e-28
7.233340040490347491e-28
7.233353869206125129e-28
7.233368233404818413e-28
7.233385763024991185e-28
7.233409205976335001e-28
7.233441456167033893e-28
7.233485280352011550e-28
7.233542769692616386e-28
7.233614755042231778e-28
7.233700560397299737e-28
7.233798286796165708e-28
7.233905440155355582e-28
7.234019537594338368e-28
7.234138467250312140e-28
7.234260593971899876e-28
7.234384709908546800e-28
7.234509921325777107e-28
7.234635524438616788e-28
7.234760886123706316e-28
7.234885329356529892e-28
7.235008015566288491e-28
7.235127820288292850e-28
7.235243213836898103e-28
7.235352187887115946e-28
7.235452312092667028e-28
7.235541023648134258e-28
