9.132391348384165185e-29
1.070792877913178133e-28
1.242308798336910948e-28
1.425636139101113390e-28
1.620553403631478139e-28
1.827364842518620078e-28
2.046516328588546168e-28
2.278598100814655257e-28
2.524172577512559570e-28
2.783934170370383338e-28
3.058475949143575874e-28
3.348596760050340855e-28
3.655091640110254570e-28
3.978705225474479094e-28
4.320337623003800973e-28
4.680849805788192781e-28
5.061033874567366747e-28
5.461994254757262011e-28
5.884435068629147546e-28
6.329296249913471118e-28
6.797163557227395918e-28
7.288502315529529329e-28
7.803171995620975049e-28
8.340388140323379567e-28
8.897441070927540754e-28
9.470124356549885229e-28
1.005104623410466906e-27
1.062909655377645356e-27
1.118949619041631249e-27
1.171557119439109995e-27
1.219283525519218748e-27
1.261535731904256518e-27
1.299109998457192281e-27
1.334078730673364602e-27
1.369150590697413564e-27
1.406914258382792305e-27
1.449346882457267696e-27
1.497726741386693258e-27
1.552775801671168766e-27
1.614867366364310765e-27
1.684185488546846192e-27
1.760834666375877059e-27
1.844912143867200600e-27
1.936539585807928358e-27
2.035891357253185407e-27
2.143220805763262075e-27
2.258876582024809331e-27
2.383344795997744492e-27
2.517145275088151001e-27
2.660957289368116589e-27
2.815576825540516531e-27
