3.818177178955475855e-27
5.804134190130059531e-27
8.285406020043754945e-27
1.120297879026254557e-26
1.444199154922287530e-26
1.785432641575823278e-26
2.128718941438485273e-26
2.460434795370948463e-26
2.769631578793410103e-26
3.048322876577215540e-26
3.291488579802924915e-26
3.496987303502197739e-26
3.665338113431191196e-26
3.799267455298453241e-26
3.903015106203128319e-26
3.981539707427398790e-26
4.039819685932146230e-26
4.082376993746104874e-26
4.113040229262127856e-26
4.134891011868049161e-26
4.150319564089184084e-26
4.161129447469130212e-26
4.168653384810075800e-26
4.173860323448659687e-26
4.177445713649325138e-26
4.179903517342961647e-26
4.181581562113946756e-26
4.182722995279407953e-26
4.183496731788333337e-26
4.184019486023344718e-26
4.184371524745172349e-26
4.184607821019723964e-26
4.184765887262058442e-26
4.184871237579113480e-26
4.184941174167401640e-26
4.184987398221443274e-26
4.185017802317070208e-26
4.185037695873777094e-26
4.185050640124040867e-26
4.185059015256384099e-26
4.185064404818064501e-26
4.185067856207901010e-26
4.185070057366252545e-26
4.185071456635885941e-26
4.185072344009646980e-26
4.185072905789376746e-26
4.185073261034159029e-26
4.185073485493653357e-26
4.185073627247571509e-26
4.185073716741393954e-26
4.185073773229091957e-26
