3.886857485539280115e-27
6.003390032860222554e-27
8.786620555255204696e-27
1.232089753993481194e-26
1.668069500460046489e-26
2.192828689417900983e-26
2.811264106043245946e-26
3.526998532953241635e-26
4.342584952546317360e-26
5.259775327289598060e-26
6.279764960236712328e-26
7.403369015159158785e-26
8.631133874690057460e-26
9.963402552212084444e-26
1.140034622159859304e-25
1.294195649045269365e-25
1.458796624169047083e-25
1.633761606654738794e-25
1.818908227485190652e-25
2.013821972324154996e-25
2.217615341423837321e-25
2.428557069116031410e-25
2.643684332568408626e-25
2.858683382331304782e-25
3.068300293895698424e-25
3.267190072663426657e-25
3.450771491749003527e-25
3.615724162487060494e-25
3.760094456976008623e-25
3.883184158399323480e-25
3.985380990601332811e-25
4.067984654780554714e-25
4.133006981845725149e-25
4.182920193606796661e-25
4.220371006572217799e-25
4.247917020174928824e-25
4.267838655824443606e-25
4.282045008354981469e-25
4.292058430731164243e-25
4.299048592376043209e-25
4.303889054511184881e-25
4.307218163752884928e-25
4.309494536267782529e-25
4.311043267083155288e-25
4.312092325071432022e-25
4.312800160790613843e-25
4.313276096507156947e-25
4.313595090026628219e-25
4.313808263488625381e-25
4.313950322398797639e-25
4.314044732911047571e-25
