1.620124436603877406e-28
1.894664618342212903e-28
2.193214552964005378e-28
2.512144997905725488e-28
2.851150518404043493e-28
3.210803805542556076e-28
3.591882194349443469e-28
3.995445650766942774e-28
4.422457781918022951e-28
4.874149757998033306e-28
5.351513558553706545e-28
5.855966394137507185e-28
6.388907250708875525e-28
6.951597475321563535e-28
7.545635179281955193e-28
8.172503710130357789e-28
8.833532100883114330e-28
9.530737881424794974e-28
1.026525373147806228e-27
1.103876718628431973e-27
1.185226563714983501e-27
1.270658093397278024e-27
1.360145990409862673e-27
1.453561263386329228e-27
1.550411394169306890e-27
1.649970094748422123e-27
1.750944496281799826e-27
1.851391389362766930e-27
1.948729384142920653e-27
2.040052391254981281e-27
2.122825041659780140e-27
2.196000970163914388e-27
2.260985790061485488e-27
2.321410706660500797e-27
2.382010627889857209e-27
2.447313749767276575e-27
2.520776513678415135e-27
2.604631211611614164e-27
2.700132421406130235e-27
2.807924072979083526e-27
2.928317508269807324e-27
3.061485222596837506e-27
3.207591025630226205e-27
3.366841974633856078e-27
3.539536883360308945e-27
3.726112814108154554e-27
3.927172852757767795e-27
4.143572565460596969e-27
4.376194984742601679e-27
4.626220559003205930e-27
4.895034601996844956e-27
