2.889028082771983665e-26
3.616772791172922878e-26
4.444725953957574972e-26
5.374559025774619005e-26
6.407409061241525839e-26
7.544049946975813580e-26
8.785003153124596551e-26
1.013060984487950433e-25
1.158108146887976907e-25
1.313653746450288627e-25
1.479703334727965589e-25
1.656258004794348271e-25
1.843315413918828272e-25
2.040869664168047691e-25
2.248909349769037393e-25
2.467411977817144470e-25
2.696330364534633829e-25
2.935560690507197314e-25
3.184869800502117573e-25
3.443740098937069049e-25
3.711077192612756739e-25
3.984765676461946446e-25
4.261213081722068569e-25
4.535225736393688092e-25
4.800523717294051432e-25
5.050773374707365725e-25
5.280612635026390006e-25
5.486236715477990789e-25
5.665511419903861344e-25
5.817826966372077955e-25
5.943883625563942526e-25
6.045472025770803443e-25
6.125221792893439903e-25
6.186288826220824278e-25
6.232005263315118858e-25
6.265561524189943690e-25
6.289783684855249090e-25
6.307026114534904370e-25
6.319159129011903790e-25
6.327615345976399592e-25
6.333461949054331570e-25
6.337477015512741204e-25
6.340218415907961145e-25
6.342080862079842489e-25
6.343340653493725577e-25
6.344189511017662049e-25
6.344759498449354701e-25
6.345141025139905278e-25
6.345395657873557751e-25
6.345565130811326882e-25
6.345677621602057324e-25
