1.213638982211589281e-27
1.223370051489660159e-27
1.231600342712167531e-27
1.238457402213524445e-27
1.244081727189360511e-27
1.248621715426933978e-27
1.252227746750183150e-27
1.255046206855343644e-27
1.257214263061467091e-27
1.258855970576221185e-27
1.260079944243454802e-27
1.260978517786719551e-27
1.261628116224635003e-27
1.262090493273357635e-27
1.262414492823893734e-27
1.262638035857372296e-27
1.262790087237926136e-27
1.262892428951723860e-27
1.262961169369018481e-27
1.263008009583911426e-27
1.263041304363898999e-27
1.263066915475247405e-27
1.263088839733463683e-27
1.263109639058923649e-27
1.263130760705083483e-27
1.263152837356500694e-27
1.263175987137652672e-27
1.263200070480708822e-27
1.263224863418394170e-27
1.263250146579728041e-27
1.263275735682474509e-27
1.263301481016304960e-27
1.263327253692984925e-27
1.263352926905632802e-27
1.263378354666488496e-27
1.263403348196795309e-27
1.263427650717300485e-27
1.263450915066135348e-27
1.263472695723536518e-27
1.263492474970073852e-27
1.263509742180517984e-27
1.263524120643227165e-27
1.263535490356363240e-27
1.263544031867541286e-27
1.263550160065517065e-27
1.263554393707336452e-27
1.263557235449024625e-27
1.263559103811784752e-27
1.263560314808697347e-27
1.263561092279285601e-27
1.263561588314418666e-27
