2.886772701443060163e-28
2.925913412618637939e-28
2.959201401424582532e-28
2.987101091502689211e-28
3.010130642186829986e-28
3.028845026010769577e-28
3.043814705319276545e-28
3.055602799892923401e-28
3.064743978933259767e-28
3.071727709645463579e-28
3.076987259556110882e-28
3.080894545201891063e-28
3.083759987579101418e-28
3.085836102568093382e-28
3.087323503813772183e-28
3.088378147782585821e-28
3.089118889563784613e-28
3.089634686127260793e-28
3.089991039360557392e-28
3.090235482372611051e-28
3.090402067702942289e-28
3.090514917828407864e-28
3.090590954526262774e-28
3.090641945085636320e-28
3.090676003287039385e-28
3.090698673316548234e-28
3.090713708924258872e-28
3.090723634820159184e-28
3.090730146981332595e-28
3.090734388123132028e-28
3.090737129544772235e-28
3.090738889734186111e-28
3.090740013855442008e-28
3.090740728914583666e-28
3.090741182502717603e-28
3.090741469689650729e-28
3.090741651295264530e-28
3.090741766043104893e-28
3.090741838509290018e-28
3.090741884258448215e-28
3.090741913134634382e-28
3.090741931358432124e-28
3.090741942858528543e-28
3.090741950115258242e-28
3.090741954694208367e-28
3.090741957583435584e-28
3.090741959406455830e-28
3.090741960556720980e-28
3.090741961282495829e-28
3.090741961740431199e-28
3.090741962029369526e-28
