2.868681511547052832e-26
3.568361398647156978e-26
4.337089862693164687e-26
5.153373074028125120e-26
5.989100716742147666e-26
6.814051377998252570e-26
7.600686780217187633e-26
8.327183805164072597e-26
8.978375630694824592e-26
9.545462960401945347e-26
1.002536074921378076e-25
1.042000920329322615e-25
1.073555161467219439e-25
1.098120825583310422e-25
1.116788321767400980e-25
1.130677273488213342e-25
1.140827753196250234e-25
1.148136584478651810e-25
1.153335103289895790e-25
1.156995285057365994e-25
1.159550635723761048e-25
1.161321970819930094e-25
1.162542385480924765e-25
1.163378814160801191e-25
1.163949437272476841e-25
1.164337136049717246e-25
1.164599583442640322e-25
1.164776647448837138e-25
1.164895732941866977e-25
1.164975586144894954e-25
1.165028975960182815e-25
1.165064567484779342e-25
1.165088221604911997e-25
1.165103890889249791e-25
1.165114233881677126e-25
1.165121034365400215e-25
1.165125486375931127e-25
1.165128387271381373e-25
1.165130268111309146e-25
1.165131481467692914e-25
1.165132260459908928e-25
1.165132758424297487e-25
1.165133075589425511e-25
1.165133277022989701e-25
1.165133404683848110e-25
1.165133485469168857e-25
1.165133536538811588e-25
1.165133568801295002e-25
1.165133589173589231e-25
1.165133602034085176e-25
1.165133610151092237e-25
