3.355133607338468029e-28
3.753077800777670679e-28
4.168098210145932121e-28
4.599127388589291238e-28
5.043281165664390472e-28
5.495578276998575615e-28
5.947145559343396204e-28
6.385103535632726900e-28
6.791487545369956275e-28
7.145770565611520009e-28
7.429611678362508687e-28
7.633998801263137215e-28
7.764367177047052286e-28
7.841574685032933715e-28
7.893723233001494239e-28
7.947995774476206341e-28
8.025251619987547278e-28
8.138409002779465408e-28
8.294781857868419595e-28
8.496179648548735033e-28
8.742413765896362085e-28
9.032068619180284281e-28
9.363167717142316032e-28
9.733507435811549050e-28
1.014150481873730446e-27
1.058600859835816052e-27
1.106533654954732676e-27
1.157918299990364912e-27
1.212790810281012078e-27
1.271243919880337111e-27
1.333419094698082428e-27
1.399501147301323123e-27
1.469720820496207892e-27
1.544336182881599842e-27
1.623639474442322146e-27
1.707969407475280006e-27
1.797702209476737935e-27
1.893254148246152771e-27
1.995084727400092950e-27
2.103700575507442726e-27
2.219659984980883465e-27
2.343578148953358541e-27
2.476133346188829826e-27
2.618072749795834065e-27
2.770221188968104748e-27
2.933489327127647794e-27
3.108883238205221998e-27
3.297515301691415616e-27
3.500616431981627447e-27
3.719549801711962002e-27
3.955826255711446609e-27
