1.910927846299649805e-28
2.139596046403823892e-28
2.378145934222764117e-28
2.625940996013456848e-28
2.881348699132916738e-28
3.141498343761398833e-28
3.401354071878327230e-28
3.653535888534588570e-28
3.887809336129411813e-28
4.092436087333933167e-28
4.256901287145247157e-28
4.376001847257473524e-28
4.452851892960764267e-28
4.499266300556004639e-28
4.531275096755386038e-28
4.564394850728739601e-28
4.610520383352920061e-28
4.677046022707593789e-28
4.768096739416365827e-28
4.884795810345256351e-28
5.027078407424972179e-28
5.194171313133441618e-28
5.384975035958733688e-28
5.598267109874565274e-28
5.833120783281944887e-28
6.088854441817809829e-28
6.364598497071751385e-28
6.660188272763237819e-28
6.975833689500896526e-28
7.312068518273950068e-28
7.669706974887137401e-28
8.049812998884575791e-28
8.453708062851557220e-28
8.882882199040761272e-28
9.339024753817128356e-28
9.824081928128274325e-28
1.034021662529536435e-27
1.088982262248228608e-27
1.147554272955283561e-27
1.210029098396714059e-27
1.276727865808750569e-27
1.348004430456623419e-27
1.424248905561054452e-27
1.505891106343473112e-27
1.593405463612787483e-27
1.687315773874403029e-27
1.788200717903895550e-27
1.896700124826607824e-27
2.013522004663427957e-27
2.139450441465260944e-27
2.275354459067175979e-27
