1.100198813513301048e-26
1.370279461855143860e-26
1.667711303730501436e-26
1.984380659857513345e-26
2.309611588335968191e-26
2.631878332994160299e-26
2.940621261506150460e-26
3.227386536465611880e-26
3.486168694576907807e-26
3.713291676044178867e-26
3.907169894073003203e-26
4.068086824546214314e-26
4.197954303809350340e-26
4.299964748985639453e-26
4.378113308192570820e-26
4.436669281104485852e-26
4.479720599586649911e-26
4.510874736332261208e-26
4.533125687195604404e-26
4.548846438025479655e-26
4.559853804216161299e-26
4.567502827640890590e-26
4.572784047403056390e-26
4.576410291058610372e-26
4.578888181720300052e-26
4.580574168980533372e-26
4.581716960615298688e-26
4.582488878713917126e-26
4.583008610702641614e-26
4.583357484380680060e-26
4.583590979514673371e-26
4.583746795299389236e-26
4.583850460634145508e-26
4.583919210083727642e-26
4.583964646602561513e-26
4.583994561931962252e-26
4.584014175922633884e-26
4.584026977156978412e-26
4.584035291255671303e-26
4.584040663975004103e-26
4.584044118889307302e-26
4.584046330541112088e-26
4.584047740830891950e-26
4.584048637316305743e-26
4.584049205844791941e-26
4.584049565780039474e-26
4.584049793388322139e-26
4.584049937205594479e-26
4.584050028031617070e-26
4.584050085372557519e-26
4.584050121565718062e-26
