4.819342112259416297e-30
4.935638084942746942e-30
5.044965375191590672e-30
5.147280180159057280e-30
5.242565352409542511e-30
5.330827025498314127e-30
5.412094086929518539e-30
5.486420049596586459e-30
5.553886882612018739e-30
5.614610516428291571e-30
5.668747676942029740e-30
5.716503387367439476e-30
5.758138028473004224e-30
5.793972422954583357e-30
5.824389187740712004e-30
5.849828780679315031e-30
5.870779398811278844e-30
5.887761112375221039e-30
5.901306008695177986e-30
5.911937147892823886e-30
5.920149356538108919e-30
5.926394233597369469e-30
5.931070561021412485e-30
5.934520118679531824e-30
5.937028071785463689e-30
5.938826711153953368e-30
5.940101262400764716e-30
5.940996586090648768e-30
5.941623801752483736e-30
5.942066228468678884e-30
5.942384537982761662e-30
5.942621384067469709e-30
5.942805698380689759e-30
5.942956523102447672e-30
5.943086131066278594e-30
5.943202334957385649e-30
5.943310076557989295e-30
5.943412471509389022e-30
5.943511479005008854e-30
5.943608325405928892e-30
5.943703769794318640e-30
5.943798268372443710e-30
5.943892073366480286e-30
5.943985288088775451e-30
5.944077890570393355e-30
5.944169732013188390e-30
5.944260512406435586e-30
5.944349734240904674e-30
5.944436638016343149e-30
5.944520133707332892e-30
5.944598764143888883e-30
