1.712645516220644184e-30
1.757952665726363245e-30
1.800551163815587459e-30
1.840446233936450321e-30
1.877645669694521031e-30
1.912159466641038807e-30
1.944002654341915108e-30
1.973196564906470620e-30
1.999770864031357634e-30
2.023766090246223591e-30
2.045236576095545741e-30
2.064253582323352804e-30
2.080908314082843662e-30
2.095314319401110058e-30
2.107608644615939832e-30
2.117951123547558329e-30
2.126521374604892494e-30
2.133513484022612856e-30
2.139128875726144690e-30
2.143568326404714382e-30
2.147024285344986910e-30
2.149674517342311129e-30
2.151677685226050362e-30
2.153171016821020472e-30
2.154269833524603398e-30
2.155068523865738422e-30
2.155642496021024835e-30
2.156050675548879936e-30
2.156338187724711171e-30
2.156538959783277066e-30
2.156678077491139710e-30
2.156773812852563166e-30
2.156839298783175041e-30
2.156883865493308167e-30
2.156914076192204622e-30
2.156934509748627269e-30
2.156948338692840925e-30
2.156957746789413176e-30
2.156964225258817789e-30
2.156968781398767591e-30
2.156972086280623141e-30
2.156974579908272489e-30
2.156976545553869492e-30
2.156978161210424962e-30
2.156979534290922493e-30
2.156980724673274262e-30
2.156981760430207032e-30
2.156982649856648558e-30
2.156983392228044507e-30
2.156983987605994910e-30
2.156984443696629231e-30
