9.076607794786936423e-29
1.070018218727100654e-28
1.242688742521726049e-28
1.425968741229339299e-28
1.620218691944571065e-28
1.825620237237729129e-28
2.042315649523154560e-28
2.269961041451847458e-28
2.507789188426661966e-28
2.754320849692691674e-28
3.006545290504448617e-28
3.259728009157592137e-28
3.506602142145665161e-28
3.737352805604332887e-28
3.940648936155655388e-28
4.106357084848910164e-28
4.229246104543111696e-28
4.312431057441920210e-28
4.367075486922085440e-28
4.408670807288140257e-28
4.452071446347104614e-28
4.508755270765198495e-28
4.586037196239504002e-28
4.687749436221306656e-28
4.815391190037598581e-28
4.969317937587054301e-28
5.149116647698775234e-28
5.353703131359219668e-28
5.582212959877074177e-28
5.833846179504579900e-28
6.108102201331759264e-28
6.404842061029612890e-28
6.724508913745050896e-28
7.067405668300230718e-28
7.434496384456425113e-28
7.827080406970040213e-28
8.246761241813616171e-28
8.695422774526044672e-28
9.175228101499547551e-28
9.688633171559777894e-28
1.023839183186474217e-27
1.082753983671319721e-27
1.145949063217291727e-27
1.213802847007583487e-27
1.286734624059079159e-27
1.365208963606409101e-27
1.449740677069326966e-27
1.540900472306095471e-27
1.639321335128909541e-27
1.745705755447224590e-27
1.860833730814212703e-27
