1.482828087567215345e-27
2.290703803780469325e-27
3.352917346672804600e-27
4.700133563146508462e-27
6.355818665495430209e-27
8.330811646594249140e-27
1.061540200829151171e-26
1.317089782789125829e-26
1.592611075992825650e-26
1.878419466948192085e-26
2.163873950073300793e-26
2.439102242279478929e-26
2.696098960352542328e-26
2.929074981140882404e-26
3.134368940077005480e-26
3.310241754668220748e-26
3.456685824996647868e-26
3.575216806338540617e-26
3.668565551363028843e-26
3.740245665887347873e-26
3.794067449647985670e-26
3.833712969457333808e-26
3.862452007976092171e-26
3.883010752832985534e-26
3.897557543258753024e-26
3.907757219278448149e-26
3.914854428499939155e-26
3.919760893011239156e-26
3.923133933805140207e-26
3.925441513024266298e-26
3.927013395019104716e-26
3.928080006578546347e-26
3.928801225571533924e-26
3.929287314288971790e-26
3.929613923138310650e-26
3.929832721713229586e-26
3.929978861273475686e-26
3.930076172200892290e-26
3.930140759916282487e-26
3.930183478554216235e-26
3.930211624424185951e-26
3.930230090256078597e-26
3.930242149138751850e-26
3.930249985064536587e-26
3.930255050944264455e-26
3.930258309681978242e-26
3.930260396318427461e-26
3.930261727167789408e-26
3.930262573283371861e-26
3.930263109931158106e-26
3.930263449709873971e-26
