1.456747763339944329e-27
2.215485973012879221e-27
3.164659225475339767e-27
4.282774086680281928e-27
5.527319199797951995e-27
6.843221086347913015e-27
8.173451111508919797e-27
9.466768027333271799e-27
1.068130201147419280e-26
1.178550934827062455e-26
1.275824707576119210e-26
1.358870959518225639e-26
1.427606083325782967e-26
1.482825775293310408e-26
1.525983712913503409e-26
1.558903158668429010e-26
1.583496079490695858e-26
1.601552460086242828e-26
1.614621207616524413e-26
1.623969071079591447e-26
1.630590289679414212e-26
1.635241808988826475e-26
1.638486828848040012e-26
1.640737043482711396e-26
1.642289230789327318e-26
1.643354939399070078e-26
1.644083578496873941e-26
1.644579857006101571e-26
1.644916675350280765e-26
1.645144500976021396e-26
1.645298099210990588e-26
1.645401315125231071e-26
1.645470441222637896e-26
1.645516571668330687e-26
1.645547237608115492e-26
1.645567537026059078e-26
1.645580911586521625e-26
1.645589678645476699e-26
1.645595394105740995e-26
1.645599099197189035e-26
1.645601487815469159e-26
1.645603019894013793e-26
1.645603998280928318e-26
1.645604620868147731e-26
1.645605015983445554e-26
1.645605266257783345e-26
1.645605424572644475e-26
1.645605524627990363e-26
1.645605587825364489e-26
1.645605627728390656e-26
1.645605652916063687e-26
