2.842291004268245529e-30
2.887619466314625860e-30
2.930227818210623330e-30
2.970124053354929213e-30
3.007316611012869042e-30
3.041816621686030023e-30
3.073639762697092972e-30
3.102808103327273035e-30
3.129352172555426289e-30
3.153313400135850594e-30
3.174746952204404769e-30
3.193724813500819037e-30
3.210338782801872357e-30
3.224702871144885442e-30
3.236954470132397319e-30
3.247253661288146747e-30
3.255780235438791498e-30
3.262728396501708723e-30
3.268299648394278552e-30
3.272694823954554870e-30
3.276106417427585725e-30
3.278712242225531443e-30
3.280671034814893130e-30
3.282120153269986754e-30
3.283175147953705055e-30
3.283930782469933478e-30
3.284463028495800063e-30
3.284831582075267905e-30
3.285082505260268128e-30
3.285250694264278278e-30
3.285362037291158714e-30
3.285435286871493148e-30
3.285483718320201918e-30
3.285516587579250470e-30
3.285540348709423120e-30
3.285559591771821721e-30
3.285577685360518326e-30
3.285597130704335545e-30
3.285619672823319813e-30
3.285646283438412133e-30
3.285677179066502025e-30
3.285711980155623304e-30
3.285749977264358636e-30
3.285790386680349110e-30
3.285832512599884499e-30
3.285875809868376725e-30
3.285919883039774003e-30
3.285964458410090686e-30
3.286009351130782021e-30
3.286054436735794981e-30
3.286099629094486212e-30
