1.912990504993373225e-28
2.144337604233603371e-28
2.387631301677002712e-28
2.643629669971341059e-28
2.913107768962088906e-28
3.196895992185284687e-28
3.495843287329547679e-28
3.810855136151477232e-28
4.142759405246966133e-28
4.492494305983881075e-28
4.861027383806017440e-28
5.249289575954194778e-28
5.658357830985193269e-28
6.089194249813854701e-28
6.542881556067635746e-28
7.020624610861561852e-28
7.523539831231889745e-28
8.052785511243230414e-28
8.609343230382789617e-28
9.194381383747740019e-28
9.808689767018315682e-28
1.045292866170571607e-27
1.112696105298618716e-27
1.182987463688636486e-27
1.255875521200805183e-27
1.330835330651267862e-27
1.407007899126623125e-27
1.483089403587746173e-27
1.557382192732466777e-27
1.627901417747731976e-27
1.693054109256951222e-27
1.752227538125590646e-27
1.806378903705464845e-27
1.857955350049187979e-27
1.910228415224892011e-27
1.966252520105991703e-27
2.028361498072294169e-27
2.098062006189815565e-27
2.176198086045024500e-27
2.263211661537654035e-27
2.359330497371521452e-27
2.464679328493389305e-27
2.579379370743771574e-27
2.703581934250883631e-27
2.837501649043752998e-27
2.981446756595321885e-27
3.135837692669071854e-27
3.301219488363709726e-27
3.478266227785678297e-27
3.667780988687096273e-27
3.870700434470243158e-27
