2.089143147643835357e-30
2.134469617264743198e-30
2.177077849583512502e-30
2.216975733639300273e-30
2.254171634209988102e-30
2.288676534602857978e-30
2.320505877404316690e-30
2.349681456505012977e-30
2.376233539918957145e-30
2.400203342877938410e-30
2.421645870917327200e-30
2.440632995656551407e-30
2.457256439369538344e-30
2.471630163006664903e-30
2.483891526793819284e-30
2.494200594653462186e-30
2.502737151205494455e-30
2.509695405528947410e-30
2.515276880423612857e-30
2.519682446380358750e-30
2.523104662415371650e-30
2.525721446188500817e-30
2.527691694522097060e-30
2.529153001301963183e-30
2.530221244233503592e-30
2.530991604972439828e-30
2.531540525484672461e-30
2.531928133320993534e-30
2.532200756186851732e-30
2.532393282771377177e-30
2.532531288560527946e-30
2.532632957137237563e-30
2.532710823446189723e-30
2.532773297659072805e-30
2.532825905712226245e-30
2.532872225468698341e-30
2.532914550869724892e-30
2.532954343013171853e-30
2.532992527866367638e-30
2.533029689105582146e-30
2.533066191317578177e-30
2.533102257608285858e-30
2.533138017377024553e-30
2.533173534215689671e-30
2.533208819922206399e-30
2.533243837900779370e-30
2.533278497406334228e-30
2.533312639139000206e-30
2.533346013041009248e-30
2.533378251892519852e-30
2.533408850982004593e-30
