3.358719822247319573e-28
3.761326642818469866e-28
4.184602412661635090e-28
4.629900997760072582e-28
5.098581059081014791e-28
5.592106443911945678e-28
6.111962637530795000e-28
6.659746831223108090e-28
7.236880711968531215e-28
7.845006130956925622e-28
8.485823530706620186e-28
9.160931656055636247e-28
9.872234001710086001e-28
1.062136223860980860e-27
1.141020241791349858e-27
1.224089333772269482e-27
1.311536453727085914e-27
1.403562774595379649e-27
1.500331841025807195e-27
1.602054185161324086e-27
1.708861561749817833e-27
1.820878079013838341e-27
1.938074866560092636e-27
2.060302355644700546e-27
2.187039130473975044e-27
2.317363818981046462e-27
2.449775217037309902e-27
2.581992251136243809e-27
2.711061720333691600e-27
2.833497877056849033e-27
2.946549569601710698e-27
3.049150190146727058e-27
3.142965401385833897e-27
3.232255308267251677e-27
3.322758975200435596e-27
3.419807942860103287e-27
3.527477505639212532e-27
3.648396855934333437e-27
3.784031084157786427e-27
3.935144777104618848e-27
4.102128693414864584e-27
4.285188731225645911e-27
4.484530347522008059e-27
4.700412026678518198e-27
4.933202487526937601e-27
5.183434228421495543e-27
5.451835088214576090e-27
5.739350164425765840e-27
6.047149521225956053e-27
6.376627449204669843e-27
6.729412398305302679e-27
