3.886849365932796834e-27
6.003345999508907249e-27
8.786462336405230460e-27
1.232042584267777189e-26
1.667941660248598889e-26
2.192499307989543082e-26
2.810437164416106460e-26
3.524948026032314591e-26
4.337538391507574488e-26
5.247489980705370561e-26
6.250517679245198373e-26
7.336427361435571713e-26
8.486462517728575152e-26
9.672261300755936144e-26
1.085831403459023991e-25
1.200749731430224728e-25
1.308686745910454706e-25
1.407120517510161966e-25
1.494396993587770183e-25
1.569676536817465905e-25
1.632838286462735944e-25
1.684381005075023566e-25
1.725307333155118290e-25
1.756971742874063004e-25
1.780899726292455442e-25
1.798613378172408348e-25
1.811500132371407659e-25
1.820740370200860919e-25
1.827287020726937824e-25
1.831879489642763646e-25
1.835074544506154669e-25
1.837281934201910234e-25
1.838797910809888698e-25
1.839833697024203655e-25
1.840538213302348577e-25
1.841015497823687275e-25
1.841337682396747449e-25
1.841554457346693232e-25
1.841699865964339228e-25
1.841797121128580661e-25
1.841861985463654663e-25
1.841905123718586967e-25
1.841933728385352249e-25
1.841952636354896181e-25
1.841965092001508990e-25
1.841973266309234973e-25
1.841978608681489152e-25
1.841982084533411546e-25
1.841984335266432300e-25
1.841985785705084535e-25
1.841986716122626827e-25
