1.610054541435143247e-28
1.893034075695400101e-28
2.193904786498072850e-28
2.513479068124612624e-28
2.852567457205315121e-28
3.212161811016670251e-28
3.592947358341704819e-28
3.995791626578024117e-28
4.421690000084463947e-28
4.871209126943481779e-28
5.345183861126162254e-28
5.843581959067874741e-28
6.365988095340483761e-28
6.911024367446666279e-28
7.475263210761437639e-28
8.052724273237943936e-28
8.633210987922982970e-28
9.202121294210603513e-28
9.739023344539663882e-28
1.022088047686416171e-27
1.062770449612066699e-27
1.094979974881828175e-27
1.119552633013758515e-27
1.138921698606431196e-27
1.156386716835742327e-27
1.175098259410468767e-27
1.197542614305982627e-27
1.225253110569501622e-27
1.259035003379165863e-27
1.299212555974455995e-27
1.345844850670512718e-27
1.398855694200027997e-27
1.458114969071957846e-27
1.523504864891007983e-27
1.594958533900725934e-27
1.672497891817044827e-27
1.756105524579574176e-27
1.845935282759400820e-27
1.942244407922671256e-27
2.045375484494440814e-27
2.155755667715867427e-27
2.273890229549790725e-27
2.400363581494714836e-27
2.535839935810756697e-27
2.681070940548922266e-27
2.836888837786294012e-27
3.004221826253789852e-27
3.184107388567543192e-27
3.377697200854190922e-27
3.586269332241328562e-27
3.811242321265979187e-27
