1.608556502525543214e-28
1.888961270588749473e-28
2.184823540424710523e-28
2.495264872281032764e-28
2.818076063058744142e-28
3.149292861306050797e-28
3.481868074464904266e-28
3.805442198539988641e-28
4.105662434069771147e-28
4.365788370253011473e-28
4.570381576692060179e-28
4.710962894078501012e-28
4.791124600643041633e-28
4.825598369171533450e-28
4.835573487445954038e-28
4.842066021865238824e-28
4.861562953335479933e-28
4.904996205994318428e-28
4.977642568498345643e-28
5.081721554111910307e-28
5.217567071718161791e-28
5.384823385213050857e-28
5.581499772144604683e-28
5.806010639372518263e-28
6.056859705123287516e-28
6.333393159596395969e-28
6.634659120159294703e-28
6.960183124047928767e-28
7.310245074342833393e-28
7.685575661956207052e-28
8.087332920696012429e-28
8.516961507799869672e-28
8.976078438907874789e-28
9.466771470096088759e-28
9.991414914744054107e-28
1.055267952632627645e-27
1.115354969879243532e-27
1.179736519770511236e-27
1.248777506944876119e-27
1.322886564098035025e-27
1.402515853689854828e-27
1.488165569680249611e-27
1.580389257766064042e-27
1.679799791865549091e-27
1.787076119195052921e-27
1.902970787936674208e-27
2.028318341894413646e-27
2.164045149370322112e-27
2.311180002047169725e-27
2.470866229870811387e-27
2.644375315499672535e-27
