1.107997017688505852e-26
1.388807844540090244e-26
1.708865477225327994e-26
2.068895705509887924e-26
2.469392244398818413e-26
2.910691119134854802e-26
3.393019892394849339e-26
3.916529268570944072e-26
4.481314615999559512e-26
5.087431730584917568e-26
5.734908600859888448e-26
6.423753668488733793e-26
7.153960453943813355e-26
7.925507649577480807e-26
8.738352034677293253e-26
9.592407368620753597e-26
1.048749248318652205e-25
1.142320923094810507e-25
1.239866487485184160e-25
1.341188032448019795e-25
1.445867547426882413e-25
1.553097597924200922e-25
1.661507343524305760e-25
1.769114449267282386e-25
1.873519408938980919e-25
1.972295812974863957e-25
2.063376982513353586e-25
2.145274896862957653e-25
2.217119838553746494e-25
2.278603606068739696e-25
2.329901875210966330e-25
2.371601963884817040e-25
2.404624777932653974e-25
2.430123073038701328e-25
2.449356714486844463e-25
2.463567788366240535e-25
2.473883465047314652e-25
2.481261125509714292e-25
2.486472905625664075e-25
2.490117197691809665e-25
2.492643801359318228e-25
2.494382980565006862e-25
2.495572850599581278e-25
2.496382639284782121e-25
2.496931238396522987e-25
2.497301394552813724e-25
2.497550251036092580e-25
2.497717012018904806e-25
2.497828424382211662e-25
2.497902648344596314e-25
2.497951962535051207e-25
