1.483123462023179893e-27
2.291802328988573947e-27
3.356341920592233624e-27
4.709941574451222516e-27
6.382367014334391229e-27
8.398991075849629057e-27
1.078019857434767114e-26
1.354137956684743529e-26
1.669353878942934318e-26
2.024427501012986370e-26
2.419877142478812855e-26
2.856056081548180386e-26
3.333202382930851550e-26
3.851468197180560614e-26
4.410934068535014141e-26
5.011607276657871135e-26
5.653392505086568503e-26
6.336003361159731322e-26
7.058744626059931343e-26
7.820033164710967801e-26
8.616480116348032445e-26
9.441477924801893327e-26
1.028372128260949901e-25
1.112674609065060477e-25
1.195047920954521333e-25
1.273444788505907631e-25
1.346100350605045262e-25
1.411718008294365374e-25
1.469506775767288439e-25
1.519137768640215533e-25
1.560682691821752926e-25
1.594556738345386993e-25
1.621456944677756958e-25
1.642280853972275511e-25
1.658025205497274530e-25
1.669682946307152730e-25
1.678161759615627405e-25
1.684236757330988202e-25
1.688535656243508943e-25
1.691546529242192059e-25
1.693637254748854238e-25
1.695078584021243393e-25
1.696066135426938914e-25
1.696739202319944682e-25
1.697195822132380779e-25
1.697504343764377137e-25
1.697712044943600392e-25
1.697851412711950661e-25
1.697944645212922593e-25
1.698006836792261056e-25
1.698048208099611470e-25
