5.000000000000000000e+00
5.200000000000000178e+00
5.400000000000000355e+00
5.599999999999999645e+00
5.799999999999999822e+00
6.000000000000000000e+00
6.200000000000000178e+00
6.400000000000000355e+00
6.599999999999999645e+00
6.799999999999999822e+00
7.000000000000000000e+00
7.200000000000000178e+00
7.400000000000000355e+00
7.599999999999999645e+00
7.800000000000000711e+00
8.000000000000000000e+00
8.199999999999999289e+00
8.400000000000000355e+00
8.599999999999999645e+00
8.800000000000000711e+00
9.000000000000000000e+00
9.199999999999999289e+00
9.400000000000000355e+00
9.600000000000001421e+00
9.800000000000000711e+00
1.000000000000000000e+01
1.019999999999999929e+01
1.040000000000000036e+01
1.060000000000000142e+01
1.080000000000000071e+01
1.100000000000000000e+01
1.119999999999999929e+01
1.140000000000000036e+01
1.160000000000000142e+01
1.180000000000000071e+01
1.200000000000000000e+01
1.219999999999999929e+01
1.240000000000000036e+01
1.260000000000000142e+01
1.280000000000000071e+01
1.300000000000000000e+01
1.320000000000000107e+01
1.340000000000000036e+01
1.359999999999999964e+01
1.380000000000000071e+01
1.400000000000000000e+01
1.420000000000000107e+01
1.440000000000000036e+01
1.460000000000000142e+01
1.480000000000000071e+01
1.500000000000000000e+01
