6.503059910130584593e-28
6.600458521992345844e-28
6.682894930040013692e-28
6.751633915689436900e-28
6.808071801098633384e-28
6.853685652071257560e-28
6.889973881015777364e-28
6.918396236208223720e-28
6.940321264777124464e-28
6.956987053840879532e-28
6.969477633010770831e-28
6.978714260335483374e-28
6.985458827418109398e-28
6.990325881800469299e-28
6.993799871069929434e-28
6.996254725618035167e-28
6.997973570604045125e-28
6.999167065363187689e-28
6.999989507463123815e-28
7.000552343578327132e-28
7.000935086727367837e-28
7.001193862537335848e-28
7.001367919460033470e-28
7.001484470433431940e-28
7.001562221637254234e-28
7.001613913137480691e-28
7.001648146674083329e-28
7.001670701247149934e-28
7.001685462017938064e-28
7.001695049559401660e-28
7.001701231507164961e-28
7.001705192670848667e-28
7.001707718518215584e-28
7.001709323463547292e-28
7.001710340779291588e-28
7.001710984568650741e-28
7.001711391544261610e-28
7.001711648639186867e-28
7.001711810979650730e-28
7.001711913459350832e-28
7.001711978139548160e-28
7.001712018957921353e-28
7.001712044715732354e-28
7.001712060969070831e-28
7.001712071224736189e-28
7.001712077695823084e-28
7.001712081778883053e-28
7.001712084355150325e-28
7.001712085980677171e-28
7.001712087006320924e-28
7.001712087653461630e-28
