3.053615389406810155e-30
3.169394436537380423e-30
3.278395536374357141e-30
3.380507057506627686e-30
3.475668530149944329e-30
3.563858434907980866e-30
3.645087839765346226e-30
3.719398616466079242e-30
3.786865071720751596e-30
3.847598119150370355e-30
3.901751267879118868e-30
3.949527569614521392e-30
3.991186318462585807e-30
4.027047913438132037e-30
4.057495083297297253e-30
4.082968852787173955e-30
4.103958347099761892e-30
4.120984748619523497e-30
4.134581137328297457e-30
4.145271067878297841e-30
4.153549072907406033e-30
4.159865624758106639e-30
4.164617736772771714e-30
4.168145031045108763e-30
4.170730278565401771e-30
4.172603163198736192e-30
4.173946081918772877e-30
4.174900962780001758e-30
4.175576269381801651e-30
4.176053548207524258e-30
4.176393101638031602e-30
4.176638665240997752e-30
4.176821225210694392e-30
4.176962172466631869e-30
4.177075893668370352e-30
4.177171819227808062e-30
4.177255952874184003e-30
4.177331948549728140e-30
4.177401828946161576e-30
4.177466447894759870e-30
4.177525799340847968e-30
4.177579277413813208e-30
4.177625982087159444e-30
4.177665107336641633e-30
4.177696330332548890e-30
4.177720025149037178e-30
4.177737185727292214e-30
4.177749133352237166e-30
4.177757200240777145e-30
4.177762526291447150e-30
4.177765988348687286e-30
