1000000 initial neutrinos of type 2 at energy 1E+22. 
Key: type,NC,CC,DC,Gen,Energy.
2 1 0 1 2 14.03598 22 14
2 2 0 1 3 14.21244 22 14
2 1 0 1 2 14.73718 22 14
2 2 0 1 3 14.12039 22 14
2 2 0 1 3 14.00584 22 14
2 1 0 1 2 14.16138 22 14
2 1 0 1 2 14.1359 22 14
2 1 0 1 2 14.10189 22 14
2 2 0 1 3 14.04527 22 14
2 2 0 1 3 14.2084 22 14
2 1 0 1 2 14.44645 22 14
2 1 0 1 2 14.11306 22 14
2 1 0 1 2 14.02031 22 14
1 1 0 1 2 14.14873 22 14
2 2 0 1 3 14.26285 22 14
1 1 0 1 2 14.07809 22 14
2 2 0 1 3 14.22486 22 14
2 1 0 1 2 14.41653 22 14
2 1 0 1 2 14.025 22 14
2 2 0 1 3 14.14164 22 14
2 1 0 1 2 14.00009 22 14
2 1 0 1 2 14.11682 22 14
2 1 0 1 2 14.08949 22 14
2 1 0 1 2 14.13143 22 14
2 2 0 1 3 14.06889 22 14
2 1 0 1 2 14.16711 22 14
2 2 0 1 3 14.21871 22 14
2 2 0 1 3 14.34714 22 14
2 1 0 1 2 14.00701 22 14
2 1 0 1 2 14.1057 22 14
2 1 0 1 2 14.38077 22 14
1 1 0 1 2 14.21883 22 14
2 2 0 1 3 14.82976 22 14
1 3 0 1 4 14.5201 22 14
1 3 0 1 4 14.5201 22 14
1 4 0 1 5 14.51165 22 14
1 4 0 1 5 14.22311 22 14
1 3 0 1 4 14.5201 22 14
1 4 0 1 5 14.504 22 14
1 4 0 1 5 14.09702 22 14
1 3 0 1 4 14.5201 22 14
1 3 0 1 4 14.5201 22 14
1 4 0 1 5 14.1774 22 14
1 3 0 1 4 14.5201 22 14
1 3 0 1 4 14.5201 22 14
1 3 0 1 4 14.5201 22 14
1 3 0 1 4 14.5201 22 14
1 3 0 1 4 14.5201 22 14
1 3 0 1 4 14.5201 22 14
1 3 0 1 4 14.5201 22 14
1 4 0 1 5 14.50801 22 14
1 4 0 1 5 14.37867 22 14
1 4 0 1 5 14.50396 22 14
1 5 0 1 6 14.4553 22 14
1 4 0 1 5 14.25697 22 14
1 3 0 1 4 14.5201 22 14
1 5 0 1 6 14.19538 22 14
1 3 0 1 4 14.5201 22 14
1 3 0 1 4 14.5201 22 14
1 3 0 1 4 14.5201 22 14
1 3 0 1 4 14.5201 22 14
1 3 0 1 4 14.5201 22 14
1 3 0 1 4 14.5201 22 14
1 3 0 1 4 14.5201 22 14
1 3 0 1 4 14.5201 22 14
1 3 0 1 4 14.5201 22 14
1 4 0 1 5 14.4111 22 14
1 4 0 1 5 14.49915 22 14
1 3 0 1 4 14.5201 22 14
1 3 0 1 4 14.5201 22 14
1 3 0 1 4 14.5201 22 14
1 3 0 1 4 14.5201 22 14
1 3 0 1 4 14.5201 22 14
1 3 0 1 4 14.5201 22 14
1 3 0 1 4 14.5201 22 14
1 3 0 1 4 14.5201 22 14
1 3 0 1 4 14.5201 22 14
1 3 0 1 4 14.5201 22 14
1 3 0 1 4 14.5201 22 14
1 3 0 1 4 14.5201 22 14
1 3 0 1 4 14.5201 22 14
1 3 0 1 4 14.5201 22 14
1 3 0 1 4 14.5201 22 14
1 3 0 1 4 14.5201 22 14
1 3 0 1 4 14.5201 22 14
1 3 0 1 4 14.5201 22 14
1 3 0 1 4 14.5201 22 14
1 3 0 1 4 14.5201 22 14
1 4 0 1 5 14.48432 22 14
1 3 0 1 4 14.5201 22 14
1 3 0 1 4 14.5201 22 14
1 4 0 1 5 14.43985 22 14
1 4 0 1 5 14.34736 22 14
1 3 0 1 4 14.5201 22 14
1 5 0 1 6 14.46616 22 14
1 3 0 1 4 14.5201 22 14
1 3 0 1 4 14.5201 22 14
1 3 0 1 4 14.5201 22 14
1 3 0 1 4 14.5201 22 14
1 4 0 1 5 14.24805 22 14
1 3 0 1 4 14.5201 22 14
1 3 0 1 4 14.5201 22 14
1 3 0 1 4 14.5201 22 14
1 4 0 1 5 14.50396 22 14
1 3 0 1 4 14.5201 22 14
1 3 0 1 4 14.5201 22 14
1 4 0 1 5 14.50161 22 14
1 4 0 1 5 14.4396 22 14
1 3 0 1 4 14.5201 22 14
1 3 0 1 4 14.5201 22 14
1 4 0 1 5 14.1865 22 14
1 3 0 1 4 14.5201 22 14
1 3 0 1 4 14.5201 22 14
1 3 0 1 4 14.5201 22 14
1 3 0 1 4 14.5201 22 14
1 3 0 1 4 14.5201 22 14
1 3 0 1 4 14.5201 22 14
1 5 0 1 6 14.23413 22 14
1 3 0 1 4 14.5201 22 14
1 4 0 1 5 14.49684 22 14
1 3 0 1 4 14.5201 22 14
1 3 0 1 4 14.5201 22 14
1 3 0 1 4 14.5201 22 14
1 4 0 1 5 14.5167 22 14
1 3 0 1 4 14.5201 22 14
1 3 0 1 4 14.5201 22 14
1 3 0 1 4 14.5201 22 14
1 4 0 1 5 14.43309 22 14
1 3 0 1 4 14.5201 22 14
1 3 0 1 4 14.5201 22 14
1 4 0 1 5 14.49504 22 14
1 3 0 1 4 14.5201 22 14
1 3 0 1 4 14.5201 22 14
1 3 0 1 4 14.5201 22 14
1 3 0 1 4 14.5201 22 14
1 3 0 1 4 14.5201 22 14
1 3 0 1 4 14.5201 22 14
1 4 0 1 5 14.01654 22 14
1 3 0 1 4 14.5201 22 14
1 3 0 1 4 14.5201 22 14
1 3 0 1 4 14.5201 22 14
1 3 0 1 4 14.5201 22 14
1 3 0 1 4 14.5201 22 14
1 3 0 1 4 14.5201 22 14
1 3 0 1 4 14.5201 22 14
1 4 0 1 5 14.40257 22 14
1 3 0 1 4 14.5201 22 14
1 3 0 1 4 14.5201 22 14
1 4 0 1 5 14.2605 22 14
1 3 0 1 4 14.5201 22 14
1 3 0 1 4 14.5201 22 14
1 3 0 1 4 14.5201 22 14
1 3 0 1 4 14.5201 22 14
1 3 0 1 4 14.5201 22 14
1 3 0 1 4 14.5201 22 14
1 3 0 1 4 14.5201 22 14
1 3 0 1 4 14.5201 22 14
1 3 0 1 4 14.5201 22 14
1 4 0 1 5 14.38665 22 14
1 3 0 1 4 14.5201 22 14
1 4 0 1 5 14.39181 22 14
1 3 0 1 4 14.5201 22 14
1 3 0 1 4 14.5201 22 14
1 3 0 1 4 14.5201 22 14
1 3 0 1 4 14.5201 22 14
1 4 0 1 5 14.49459 22 14
1 3 0 1 4 14.5201 22 14
1 4 0 1 5 14.41597 22 14
1 4 0 1 5 14.51392 22 14
1 3 0 1 4 14.5201 22 14
1 3 0 1 4 14.5201 22 14
1 3 0 1 4 14.5201 22 14
1 5 0 1 6 14.19369 22 14
1 3 0 1 4 14.5201 22 14
1 3 0 1 4 14.5201 22 14
1 3 0 1 4 14.5201 22 14
1 3 0 1 4 14.5201 22 14
1 3 0 1 4 14.5201 22 14
1 3 0 1 4 14.5201 22 14
1 4 0 1 5 14.44339 22 14
1 4 0 1 5 14.27594 22 14
1 4 0 1 5 14.27946 22 14
1 3 0 1 4 14.5201 22 14
1 4 0 1 5 14.09481 22 14
1 3 0 1 4 14.5201 22 14
1 3 0 1 4 14.5201 22 14
1 4 0 1 5 14.45611 22 14
1 3 0 1 4 14.5201 22 14
1 4 0 1 5 14.23866 22 14
1 3 0 1 4 14.5201 22 14
1 3 0 1 4 14.5201 22 14
1 4 0 1 5 14.33684 22 14
1 3 0 1 4 14.5201 22 14
1 3 0 1 4 14.5201 22 14
1 3 0 1 4 14.5201 22 14
1 3 0 1 4 14.5201 22 14
1 3 0 1 4 14.5201 22 14
1 3 0 1 4 14.5201 22 14
1 4 0 1 5 14.45512 22 14
1 3 0 1 4 14.5201 22 14
1 3 0 1 4 14.5201 22 14
1 3 0 1 4 14.5201 22 14
1 3 0 1 4 14.5201 22 14
1 3 0 1 4 14.5201 22 14
1 3 0 1 4 14.5201 22 14
1 3 0 1 4 14.5201 22 14
1 3 0 1 4 14.5201 22 14
1 3 0 1 4 14.5201 22 14
1 3 0 1 4 14.5201 22 14
1 3 0 1 4 14.5201 22 14
1 3 0 1 4 14.5201 22 14
1 3 0 1 4 14.5201 22 14
1 3 0 1 4 14.5201 22 14
1 3 0 1 4 14.5201 22 14
1 3 0 1 4 14.5201 22 14
1 3 0 1 4 14.5201 22 14
1 3 0 1 4 14.5201 22 14
1 3 0 1 4 14.5201 22 14
1 3 0 1 4 14.5201 22 14
1 4 0 1 5 14.47355 22 14
1 3 0 1 4 14.5201 22 14
1 3 0 1 4 14.5201 22 14
1 3 0 1 4 14.5201 22 14
1 3 0 1 4 14.5201 22 14
1 3 0 1 4 14.5201 22 14
1 3 0 1 4 14.5201 22 14
1 4 0 1 5 14.45919 22 14
1 3 0 1 4 14.5201 22 14
1 4 0 1 5 14.51636 22 14
1 3 0 1 4 14.5201 22 14
1 3 0 1 4 14.5201 22 14
1 4 0 1 5 14.51614 22 14
1 3 0 1 4 14.5201 22 14
1 3 0 1 4 14.5201 22 14
1 3 0 1 4 14.5201 22 14
1 4 0 1 5 14.4928 22 14
1 3 0 1 4 14.5201 22 14
1 3 0 1 4 14.5201 22 14
1 3 0 1 4 14.5201 22 14
1 4 0 1 5 14.50711 22 14
1 3 0 1 4 14.5201 22 14
1 3 0 1 4 14.5201 22 14
1 3 0 1 4 14.5201 22 14
1 4 0 1 5 14.48412 22 14
1 3 0 1 4 14.5201 22 14
1 3 0 1 4 14.5201 22 14
1 4 0 1 5 14.50602 22 14
1 3 0 1 4 14.5201 22 14
1 4 0 1 5 14.51356 22 14
1 3 0 1 4 14.5201 22 14
1 3 0 1 4 14.5201 22 14
1 3 0 1 4 14.5201 22 14
1 3 0 1 4 14.5201 22 14
1 3 0 1 4 14.5201 22 14
1 3 0 1 4 14.5201 22 14
1 4 0 1 5 14.46102 22 14
1 3 0 1 4 14.5201 22 14
1 3 0 1 4 14.5201 22 14
1 4 0 1 5 14.42176 22 14
1 3 0 1 4 14.5201 22 14
1 3 0 1 4 14.5201 22 14
1 4 0 1 5 14.20817 22 14
1 4 0 1 5 14.5188 22 14
1 3 0 1 4 14.5201 22 14
1 3 0 1 4 14.5201 22 14
1 4 0 1 5 14.43364 22 14
1 3 0 1 4 14.5201 22 14
1 3 0 1 4 14.5201 22 14
1 4 0 1 5 14.51096 22 14
1 3 0 1 4 14.5201 22 14
1 3 0 1 4 14.5201 22 14
1 3 0 1 4 14.5201 22 14
1 4 0 1 5 14.51077 22 14
1 3 0 1 4 14.5201 22 14
1 3 0 1 4 14.5201 22 14
1 3 0 1 4 14.5201 22 14
1 3 0 1 4 14.5201 22 14
1 3 0 1 4 14.5201 22 14
1 3 0 1 4 14.5201 22 14
1 4 0 1 5 14.42964 22 14
1 3 0 1 4 14.5201 22 14
1 4 0 1 5 14.21573 22 14
1 3 0 1 4 14.5201 22 14
1 3 0 1 4 14.5201 22 14
1 3 0 1 4 14.5201 22 14
1 3 0 1 4 14.5201 22 14
1 3 0 1 4 14.5201 22 14
1 3 0 1 4 14.5201 22 14
1 3 0 1 4 14.5201 22 14
1 3 0 1 4 14.5201 22 14
1 3 0 1 4 14.5201 22 14
1 3 0 1 4 14.5201 22 14
1 3 0 1 4 14.5201 22 14
1 3 0 1 4 14.5201 22 14
1 3 0 1 4 14.5201 22 14
1 5 0 1 6 14.46931 22 14
1 4 0 1 5 14.46776 22 14
1 4 0 1 5 14.10913 22 14
1 3 0 1 4 14.5201 22 14
1 3 0 1 4 14.5201 22 14
1 3 0 1 4 14.5201 22 14
1 3 0 1 4 14.5201 22 14
1 3 0 1 4 14.5201 22 14
1 4 0 1 5 14.50358 22 14
1 3 0 1 4 14.5201 22 14
1 3 0 1 4 14.5201 22 14
1 3 0 1 4 14.5201 22 14
1 4 0 1 5 14.51791 22 14
1 3 0 1 4 14.5201 22 14
1 3 0 1 4 14.5201 22 14
1 3 0 1 4 14.5201 22 14
1 3 0 1 4 14.5201 22 14
1 5 0 1 6 14.38761 22 14
1 4 0 1 5 14.24529 22 14
1 3 0 1 4 14.5201 22 14
1 3 0 1 4 14.5201 22 14
1 4 0 1 5 14.43612 22 14
1 3 0 1 4 14.5201 22 14
1 3 0 1 4 14.5201 22 14
1 3 0 1 4 14.5201 22 14
1 3 0 1 4 14.5201 22 14
1 5 0 1 6 14.27073 22 14
1 3 0 1 4 14.5201 22 14
1 3 0 1 4 14.5201 22 14
1 3 0 1 4 14.5201 22 14
1 3 0 1 4 14.5201 22 14
1 5 0 1 6 14.14469 22 14
1 3 0 1 4 14.5201 22 14
1 3 0 1 4 14.5201 22 14
1 3 0 1 4 14.5201 22 14
1 3 0 1 4 14.5201 22 14
1 3 0 1 4 14.5201 22 14
1 3 0 1 4 14.5201 22 14
1 3 0 1 4 14.5201 22 14
1 4 0 1 5 14.39867 22 14
1 3 0 1 4 14.5201 22 14
1 3 0 1 4 14.5201 22 14
1 3 0 1 4 14.5201 22 14
1 3 0 1 4 14.5201 22 14
1 3 0 1 4 14.5201 22 14
1 4 0 1 5 14.41825 22 14
1 4 0 1 5 14.46838 22 14
1 3 0 1 4 14.5201 22 14
1 3 0 1 4 14.5201 22 14
1 3 0 1 4 14.5201 22 14
1 3 0 1 4 14.5201 22 14
1 3 0 1 4 14.5201 22 14
1 3 0 1 4 14.5201 22 14
1 4 0 1 5 14.51895 22 14
1 4 0 1 5 14.37676 22 14
1 3 0 1 4 14.5201 22 14
1 3 0 1 4 14.5201 22 14
1 3 0 1 4 14.5201 22 14
1 3 0 1 4 14.5201 22 14
1 3 0 1 4 14.5201 22 14
1 3 0 1 4 14.5201 22 14
1 3 0 1 4 14.5201 22 14
1 4 0 1 5 14.45446 22 14
1 3 0 1 4 14.5201 22 14
1 3 0 1 4 14.5201 22 14
1 3 0 1 4 14.5201 22 14
1 3 0 1 4 14.5201 22 14
1 3 0 1 4 14.5201 22 14
1 3 0 1 4 14.5201 22 14
1 4 0 1 5 14.51977 22 14
1 3 0 1 4 14.5201 22 14
1 4 0 1 5 14.34538 22 14
1 4 0 1 5 14.3162 22 14
1 3 0 1 4 14.5201 22 14
1 3 0 1 4 14.5201 22 14
1 3 0 1 4 14.5201 22 14
1 3 0 1 4 14.5201 22 14
1 4 0 1 5 14.5173 22 14
1 3 0 1 4 14.5201 22 14
1 3 0 1 4 14.5201 22 14
1 3 0 1 4 14.5201 22 14
1 5 0 1 6 14.40007 22 14
1 3 0 1 4 14.5201 22 14
1 3 0 1 4 14.5201 22 14
1 4 0 1 5 14.32457 22 14
1 4 0 1 5 14.51977 22 14
1 4 0 1 5 14.49488 22 14
1 4 0 1 5 14.504 22 14
1 3 0 1 4 14.5201 22 14
1 4 0 1 5 14.27076 22 14
1 4 0 1 5 14.46518 22 14
1 3 0 1 4 14.5201 22 14
1 3 0 1 4 14.5201 22 14
1 4 0 1 5 14.49335 22 14
1 4 0 1 5 14.51726 22 14
1 3 0 1 4 14.5201 22 14
1 3 0 1 4 14.5201 22 14
1 3 0 1 4 14.5201 22 14
1 4 0 1 5 14.49868 22 14
1 3 0 1 4 14.5201 22 14
1 4 0 1 5 14.25371 22 14
1 4 0 1 5 14.41592 22 14
1 3 0 1 4 14.5201 22 14
1 4 0 1 5 14.50984 22 14
1 5 0 1 6 14.09715 22 14
1 6 0 1 7 14.2175 22 14
1 3 0 1 4 14.5201 22 14
1 3 0 1 4 14.5201 22 14
1 3 0 1 4 14.5201 22 14
1 3 0 1 4 14.5201 22 14
1 3 0 1 4 14.5201 22 14
1 3 0 1 4 14.5201 22 14
1 3 0 1 4 14.5201 22 14
1 3 0 1 4 14.5201 22 14
1 4 0 1 5 14.16493 22 14
1 3 0 1 4 14.5201 22 14
1 4 0 1 5 14.43306 22 14
1 3 0 1 4 14.5201 22 14
1 3 0 1 4 14.5201 22 14
1 3 0 1 4 14.5201 22 14
1 3 0 1 4 14.5201 22 14
1 3 0 1 4 14.5201 22 14
1 3 0 1 4 14.5201 22 14
1 3 0 1 4 14.5201 22 14
1 4 0 1 5 14.49546 22 14
1 3 0 1 4 14.5201 22 14
1 4 0 1 5 14.3598 22 14
1 4 0 1 5 14.44579 22 14
1 4 0 1 5 14.3341 22 14
1 4 0 1 5 14.44244 22 14
1 3 0 1 4 14.5201 22 14
1 4 0 1 5 14.50396 22 14
1 3 0 1 4 14.5201 22 14
1 3 0 1 4 14.5201 22 14
1 3 0 1 4 14.5201 22 14
1 3 0 1 4 14.5201 22 14
1 3 0 1 4 14.5201 22 14
1 3 0 1 4 14.5201 22 14
1 3 0 1 4 14.5201 22 14
1 3 0 1 4 14.5201 22 14
1 3 0 1 4 14.5201 22 14
1 4 0 1 5 14.51935 22 14
1 4 0 1 5 14.46228 22 14
1 3 0 1 4 14.5201 22 14
1 4 0 1 5 14.48528 22 14
1 3 0 1 4 14.5201 22 14
1 3 0 1 4 14.5201 22 14
1 3 0 1 4 14.5201 22 14
1 4 0 1 5 14.47418 22 14
1 3 0 1 4 14.5201 22 14
1 3 0 1 4 14.5201 22 14
1 4 0 1 5 14.0787 22 14
1 3 0 1 4 14.5201 22 14
1 4 0 1 5 14.2443 22 14
1 4 0 1 5 14.49733 22 14
1 3 0 1 4 14.5201 22 14
1 4 0 1 5 14.51654 22 14
1 3 0 1 4 14.5201 22 14
1 3 0 1 4 14.5201 22 14
1 3 0 1 4 14.5201 22 14
1 3 0 1 4 14.5201 22 14
1 3 0 1 4 14.5201 22 14
1 3 0 1 4 14.5201 22 14
1 3 0 1 4 14.5201 22 14
1 3 0 1 4 14.5201 22 14
1 4 0 1 5 14.02253 22 14
1 3 0 1 4 14.5201 22 14
1 3 0 1 4 14.5201 22 14
1 3 0 1 4 14.5201 22 14
1 3 0 1 4 14.5201 22 14
1 3 0 1 4 14.5201 22 14
1 3 0 1 4 14.5201 22 14
1 3 0 1 4 14.5201 22 14
1 3 0 1 4 14.5201 22 14
1 5 0 1 6 14.16047 22 14
1 3 0 1 4 14.5201 22 14
1 5 0 1 6 14.07918 22 14
1 3 0 1 4 14.5201 22 14
1 4 0 1 5 14.31449 22 14
1 3 0 1 4 14.5201 22 14
1 3 0 1 4 14.5201 22 14
1 3 0 1 4 14.5201 22 14
1 3 0 1 4 14.5201 22 14
1 4 0 1 5 14.42151 22 14
1 3 0 1 4 14.5201 22 14
1 4 0 1 5 14.41102 22 14
1 6 0 1 7 14.20723 22 14
1 3 0 1 4 14.5201 22 14
1 3 0 1 4 14.5201 22 14
1 3 0 1 4 14.5201 22 14
1 4 0 1 5 14.28309 22 14
1 3 0 1 4 14.5201 22 14
1 3 0 1 4 14.5201 22 14
1 4 0 1 5 14.39482 22 14
1 3 0 1 4 14.5201 22 14
1 3 0 1 4 14.5201 22 14
1 3 0 1 4 14.5201 22 14
1 4 0 1 5 14.23154 22 14
1 3 0 1 4 14.5201 22 14
1 3 0 1 4 14.5201 22 14
1 3 0 1 4 14.5201 22 14
1 4 0 1 5 14.44856 22 14
1 3 0 1 4 14.5201 22 14
1 3 0 1 4 14.5201 22 14
1 4 0 1 5 14.51932 22 14
1 3 0 1 4 14.5201 22 14
1 3 0 1 4 14.5201 22 14
1 4 0 1 5 14.47979 22 14
1 3 0 1 4 14.5201 22 14
1 3 0 1 4 14.5201 22 14
1 3 0 1 4 14.5201 22 14
1 3 0 1 4 14.5201 22 14
1 4 0 1 5 14.4294 22 14
1 4 0 1 5 14.35417 22 14
1 4 0 1 5 14.51995 22 14
1 3 0 1 4 14.5201 22 14
1 3 0 1 4 14.5201 22 14
1 3 0 1 4 14.5201 22 14
1 3 0 1 4 14.5201 22 14
1 3 0 1 4 14.5201 22 14
1 3 0 1 4 14.5201 22 14
1 3 0 1 4 14.5201 22 14
1 3 0 1 4 14.5201 22 14
1 4 0 1 5 14.10979 22 14
1 3 0 1 4 14.5201 22 14
1 3 0 1 4 14.5201 22 14
1 3 0 1 4 14.5201 22 14
1 4 0 1 5 14.32709 22 14
1 4 0 1 5 14.36944 22 14
1 3 0 1 4 14.5201 22 14
1 3 0 1 4 14.5201 22 14
1 4 0 1 5 14.12898 22 14
1 3 0 1 4 14.5201 22 14
1 4 0 1 5 14.50226 22 14
1 5 0 1 6 14.51065 22 14
1 3 0 1 4 14.5201 22 14
1 3 0 1 4 14.5201 22 14
1 3 0 1 4 14.5201 22 14
1 3 0 1 4 14.5201 22 14
1 4 0 1 5 14.45879 22 14
1 3 0 1 4 14.5201 22 14
1 3 0 1 4 14.5201 22 14
1 3 0 1 4 14.5201 22 14
1 3 0 1 4 14.5201 22 14
1 4 0 1 5 14.0787 22 14
1 4 0 1 5 14.51979 22 14
1 3 0 1 4 14.5201 22 14
1 3 0 1 4 14.5201 22 14
1 3 0 1 4 14.5201 22 14
1 4 0 1 5 14.49452 22 14
1 3 0 1 4 14.5201 22 14
1 3 0 1 4 14.5201 22 14
1 3 0 1 4 14.5201 22 14
1 3 0 1 4 14.5201 22 14
1 3 0 1 4 14.5201 22 14
1 4 0 1 5 14.44518 22 14
1 3 0 1 4 14.5201 22 14
1 4 0 1 5 14.49869 22 14
1 3 0 1 4 14.5201 22 14
1 4 0 1 5 14.43049 22 14
1 3 0 1 4 14.5201 22 14
1 3 0 1 4 14.5201 22 14
1 4 0 1 5 14.51828 22 14
1 3 0 1 4 14.5201 22 14
1 3 0 1 4 14.5201 22 14
1 3 0 1 4 14.5201 22 14
1 3 0 1 4 14.5201 22 14
1 3 0 1 4 14.5201 22 14
1 4 0 1 5 14.41689 22 14
1 4 0 1 5 14.31991 22 14
1 3 0 1 4 14.5201 22 14
1 3 0 1 4 14.5201 22 14
1 4 0 1 5 14.47057 22 14
1 3 0 1 4 14.5201 22 14
1 3 0 1 4 14.5201 22 14
1 3 0 1 4 14.5201 22 14
1 3 0 1 4 14.5201 22 14
1 3 0 1 4 14.5201 22 14
1 3 0 1 4 14.5201 22 14
1 4 0 1 5 14.46773 22 14
1 3 0 1 4 14.5201 22 14
1 3 0 1 4 14.5201 22 14
1 3 0 1 4 14.5201 22 14
1 3 0 1 4 14.5201 22 14
1 3 0 1 4 14.5201 22 14
1 3 0 1 4 14.5201 22 14
1 3 0 1 4 14.5201 22 14
1 3 0 1 4 14.5201 22 14
1 3 0 1 4 14.5201 22 14
1 3 0 1 4 14.5201 22 14
1 4 0 1 5 14.27594 22 14
1 3 0 1 4 14.5201 22 14
1 4 0 1 5 14.05604 22 14
1 4 0 1 5 14.10845 22 14
1 3 0 1 4 14.5201 22 14
1 4 0 1 5 14.47389 22 14
1 4 0 1 5 14.5115 22 14
1 4 0 1 5 14.29784 22 14
1 3 0 1 4 14.5201 22 14
1 3 0 1 4 14.5201 22 14
1 3 0 1 4 14.5201 22 14
1 3 0 1 4 14.5201 22 14
1 3 0 1 4 14.5201 22 14
1 3 0 1 4 14.5201 22 14
1 3 0 1 4 14.5201 22 14
1 3 0 1 4 14.5201 22 14
1 3 0 1 4 14.5201 22 14
1 3 0 1 4 14.5201 22 14
1 3 0 1 4 14.5201 22 14
1 3 0 1 4 14.5201 22 14
1 3 0 1 4 14.5201 22 14
1 3 0 1 4 14.5201 22 14
1 3 0 1 4 14.5201 22 14
1 3 0 1 4 14.5201 22 14
1 3 0 1 4 14.5201 22 14
1 5 0 1 6 14.16001 22 14
1 3 0 1 4 14.5201 22 14
1 3 0 1 4 14.5201 22 14
1 3 0 1 4 14.5201 22 14
1 5 0 1 6 14.22801 22 14
1 3 0 1 4 14.5201 22 14
1 4 0 1 5 14.48773 22 14
1 4 0 1 5 14.49767 22 14
1 3 0 1 4 14.5201 22 14
1 3 0 1 4 14.5201 22 14
1 3 0 1 4 14.5201 22 14
1 3 0 1 4 14.5201 22 14
1 4 0 1 5 14.27801 22 14
1 3 0 1 4 14.5201 22 14
1 5 0 1 6 14.51942 22 14
1 4 0 1 5 14.41891 22 14
1 4 0 1 5 14.22361 22 14
1 3 0 1 4 14.5201 22 14
1 3 0 1 4 14.5201 22 14
1 4 0 1 5 14.44856 22 14
1 3 0 1 4 14.5201 22 14
1 4 0 1 5 14.51995 22 14
1 4 0 1 5 14.431 22 14
1 3 0 1 4 14.5201 22 14
1 3 0 1 4 14.5201 22 14
1 4 0 1 5 14.2443 22 14
1 4 0 1 5 14.51509 22 14
1 3 0 1 4 14.5201 22 14
1 3 0 1 4 14.5201 22 14
1 3 0 1 4 14.5201 22 14
1 4 0 1 5 14.49001 22 14
1 3 0 1 4 14.5201 22 14
1 3 0 1 4 14.5201 22 14
1 3 0 1 4 14.5201 22 14
1 3 0 1 4 14.5201 22 14
1 5 0 1 6 14.4549 22 14
1 3 0 1 4 14.5201 22 14
1 3 0 1 4 14.5201 22 14
1 3 0 1 4 14.5201 22 14
1 3 0 1 4 14.5201 22 14
1 3 0 1 4 14.5201 22 14
1 3 0 1 4 14.5201 22 14
1 3 0 1 4 14.5201 22 14
1 3 0 1 4 14.5201 22 14
1 3 0 1 4 14.5201 22 14
1 3 0 1 4 14.5201 22 14
1 4 0 1 5 14.45473 22 14
1 3 0 1 4 14.5201 22 14
1 4 0 1 5 14.44702 22 14
1 3 0 1 4 14.5201 22 14
1 3 0 1 4 14.5201 22 14
1 3 0 1 4 14.5201 22 14
1 3 0 1 4 14.5201 22 14
1 4 0 1 5 14.29221 22 14
1 4 0 1 5 14.33415 22 14
1 3 0 1 4 14.5201 22 14
1 4 0 1 5 14.43652 22 14
1 3 0 1 4 14.5201 22 14
1 3 0 1 4 14.5201 22 14
1 3 0 1 4 14.5201 22 14
1 3 0 1 4 14.5201 22 14
1 4 0 1 5 14.30201 22 14
1 3 0 1 4 14.5201 22 14
1 4 0 1 5 14.29489 22 14
1 3 0 1 4 14.5201 22 14
1 4 0 1 5 14.19942 22 14
1 3 0 1 4 14.5201 22 14
1 5 0 1 6 14.34737 22 14
1 3 0 1 4 14.5201 22 14
1 3 0 1 4 14.5201 22 14
1 4 0 1 5 14.5045 22 14
1 3 0 1 4 14.5201 22 14
1 3 0 1 4 14.5201 22 14
1 3 0 1 4 14.5201 22 14
1 4 0 1 5 14.28304 22 14
1 3 0 1 4 14.5201 22 14
1 4 0 1 5 14.28409 22 14
1 3 0 1 4 14.5201 22 14
1 4 0 1 5 14.31894 22 14
1 4 0 1 5 14.23866 22 14
1 3 0 1 4 14.5201 22 14
1 3 0 1 4 14.5201 22 14
1 3 0 1 4 14.5201 22 14
1 3 0 1 4 14.5201 22 14
1 3 0 1 4 14.5201 22 14
1 3 0 1 4 14.5201 22 14
1 3 0 1 4 14.5201 22 14
1 3 0 1 4 14.5201 22 14
1 3 0 1 4 14.5201 22 14
1 3 0 1 4 14.5201 22 14
1 4 0 1 5 14.35951 22 14
1 3 0 1 4 14.5201 22 14
1 3 0 1 4 14.5201 22 14
1 3 0 1 4 14.5201 22 14
1 3 0 1 4 14.5201 22 14
1 4 0 1 5 14.49844 22 14
1 3 0 1 4 14.5201 22 14
1 5 0 1 6 14.49064 22 14
1 3 0 1 4 14.5201 22 14
1 3 0 1 4 14.5201 22 14
1 4 0 1 5 14.27205 22 14
1 3 0 1 4 14.5201 22 14
1 3 0 1 4 14.5201 22 14
1 3 0 1 4 14.5201 22 14
1 3 0 1 4 14.5201 22 14
1 3 0 1 4 14.5201 22 14
1 4 0 1 5 14.42686 22 14
1 3 0 1 4 14.5201 22 14
1 4 0 1 5 14.51864 22 14
1 3 0 1 4 14.5201 22 14
1 3 0 1 4 14.5201 22 14
1 3 0 1 4 14.5201 22 14
1 4 0 1 5 14.50707 22 14
1 3 0 1 4 14.5201 22 14
1 3 0 1 4 14.5201 22 14
1 4 0 1 5 14.32898 22 14
1 3 0 1 4 14.5201 22 14
1 4 0 1 5 14.44996 22 14
1 4 0 1 5 14.49388 22 14
1 4 0 1 5 14.36944 22 14
1 3 0 1 4 14.5201 22 14
1 3 0 1 4 14.5201 22 14
1 3 0 1 4 14.5201 22 14
1 4 0 1 5 14.4722 22 14
1 3 0 1 4 14.5201 22 14
1 4 0 1 5 14.50168 22 14
1 4 0 1 5 14.51204 22 14
1 3 0 1 4 14.5201 22 14
1 3 0 1 4 14.5201 22 14
1 4 0 1 5 14.32845 22 14
1 3 0 1 4 14.5201 22 14
1 3 0 1 4 14.5201 22 14
1 5 0 1 6 14.45905 22 14
1 4 0 1 5 14.09702 22 14
1 3 0 1 4 14.5201 22 14
1 3 0 1 4 14.5201 22 14
1 3 0 1 4 14.5201 22 14
1 3 0 1 4 14.5201 22 14
1 3 0 1 4 14.5201 22 14
1 3 0 1 4 14.5201 22 14
1 3 0 1 4 14.5201 22 14
1 3 0 1 4 14.5201 22 14
1 3 0 1 4 14.5201 22 14
1 3 0 1 4 14.5201 22 14
1 3 0 1 4 14.5201 22 14
1 4 0 1 5 14.46944 22 14
1 3 0 1 4 14.5201 22 14
1 3 0 1 4 14.5201 22 14
1 3 0 1 4 14.5201 22 14
1 5 0 1 6 14.14392 22 14
1 3 0 1 4 14.5201 22 14
1 3 0 1 4 14.5201 22 14
1 3 0 1 4 14.5201 22 14
1 3 0 1 4 14.5201 22 14
1 3 0 1 4 14.5201 22 14
1 3 0 1 4 14.5201 22 14
1 3 0 1 4 14.5201 22 14
1 3 0 1 4 14.5201 22 14
1 3 0 1 4 14.5201 22 14
1 3 0 1 4 14.5201 22 14
1 3 0 1 4 14.5201 22 14
1 3 0 1 4 14.5201 22 14
1 3 0 1 4 14.5201 22 14
1 3 0 1 4 14.5201 22 14
1 3 0 1 4 14.5201 22 14
1 3 0 1 4 14.5201 22 14
1 3 0 1 4 14.5201 22 14
1 4 0 1 5 14.47581 22 14
1 3 0 1 4 14.5201 22 14
1 3 0 1 4 14.5201 22 14
1 3 0 1 4 14.5201 22 14
1 3 0 1 4 14.5201 22 14
1 5 0 1 6 14.2053 22 14
1 4 0 1 5 14.4756 22 14
1 3 0 1 4 14.5201 22 14
1 3 0 1 4 14.5201 22 14
1 3 0 1 4 14.5201 22 14
1 3 0 1 4 14.5201 22 14
1 3 0 1 4 14.5201 22 14
1 3 0 1 4 14.5201 22 14
1 3 0 1 4 14.5201 22 14
1 3 0 1 4 14.5201 22 14
1 3 0 1 4 14.5201 22 14
1 4 0 1 5 14.37676 22 14
1 3 0 1 4 14.5201 22 14
1 3 0 1 4 14.5201 22 14
1 3 0 1 4 14.5201 22 14
1 3 0 1 4 14.5201 22 14
1 3 0 1 4 14.5201 22 14
1 5 0 1 6 14.28997 22 14
1 4 0 1 5 14.35221 22 14
1 3 0 1 4 14.5201 22 14
1 4 0 1 5 14.50081 22 14
1 3 0 1 4 14.5201 22 14
1 4 0 1 5 14.48708 22 14
1 3 0 1 4 14.5201 22 14
1 3 0 1 4 14.5201 22 14
1 4 0 1 5 14.49206 22 14
1 4 0 1 5 14.45325 22 14
1 3 0 1 4 14.5201 22 14
1 3 0 1 4 14.5201 22 14
1 3 0 1 4 14.5201 22 14
1 3 0 1 4 14.5201 22 14
1 4 0 1 5 14.41811 22 14
1 3 0 1 4 14.5201 22 14
1 4 0 1 5 14.28913 22 14
1 3 0 1 4 14.5201 22 14
1 3 0 1 4 14.5201 22 14
1 4 0 1 5 14.28445 22 14
1 4 0 1 5 14.34538 22 14
1 3 0 1 4 14.5201 22 14
1 3 0 1 4 14.5201 22 14
1 3 0 1 4 14.5201 22 14
1 3 0 1 4 14.5201 22 14
1 3 0 1 4 14.5201 22 14
1 3 0 1 4 14.5201 22 14
1 3 0 1 4 14.5201 22 14
1 3 0 1 4 14.5201 22 14
1 3 0 1 4 14.5201 22 14
1 3 0 1 4 14.5201 22 14
1 3 0 1 4 14.5201 22 14
1 4 0 1 5 14.44958 22 14
1 3 0 1 4 14.5201 22 14
1 5 0 1 6 14.50831 22 14
1 3 0 1 4 14.5201 22 14
1 3 0 1 4 14.5201 22 14
1 3 0 1 4 14.5201 22 14
1 3 0 1 4 14.5201 22 14
1 3 0 1 4 14.5201 22 14
1 3 0 1 4 14.5201 22 14
1 3 0 1 4 14.5201 22 14
1 3 0 1 4 14.5201 22 14
1 3 0 1 4 14.5201 22 14
1 3 0 1 4 14.5201 22 14
1 3 0 1 4 14.5201 22 14
1 3 0 1 4 14.5201 22 14
1 3 0 1 4 14.5201 22 14
1 4 0 1 5 14.40811 22 14
1 4 0 1 5 14.29489 22 14
1 3 0 1 4 14.5201 22 14
1 3 0 1 4 14.5201 22 14
1 3 0 1 4 14.5201 22 14
1 3 0 1 4 14.5201 22 14
1 3 0 1 4 14.5201 22 14
1 3 0 1 4 14.5201 22 14
1 3 0 1 4 14.5201 22 14
1 3 0 1 4 14.5201 22 14
1 3 0 1 4 14.5201 22 14
1 4 0 1 5 14.48904 22 14
1 3 0 1 4 14.5201 22 14
1 3 0 1 4 14.5201 22 14
1 3 0 1 4 14.5201 22 14
1 3 0 1 4 14.5201 22 14
1 3 0 1 4 14.5201 22 14
1 4 0 1 5 14.5013 22 14
1 3 0 1 4 14.5201 22 14
1 3 0 1 4 14.5201 22 14
1 4 0 1 5 14.41473 22 14
1 3 0 1 4 14.5201 22 14
1 3 0 1 4 14.5201 22 14
1 3 0 1 4 14.5201 22 14
1 3 0 1 4 14.5201 22 14
1 3 0 1 4 14.5201 22 14
1 4 0 1 5 14.28624 22 14
1 4 0 1 5 14.46944 22 14
1 3 0 1 4 14.5201 22 14
1 3 0 1 4 14.5201 22 14
1 4 0 1 5 14.47772 22 14
1 3 0 1 4 14.5201 22 14
1 3 0 1 4 14.5201 22 14
1 3 0 1 4 14.5201 22 14
1 3 0 1 4 14.5201 22 14
1 4 0 1 5 14.47776 22 14
1 3 0 1 4 14.5201 22 14
1 4 0 1 5 14.34729 22 14
1 3 0 1 4 14.5201 22 14
1 3 0 1 4 14.5201 22 14
1 3 0 1 4 14.5201 22 14
1 3 0 1 4 14.5201 22 14
1 4 0 1 5 14.48432 22 14
1 3 0 1 4 14.5201 22 14
1 4 0 1 5 14.51778 22 14
1 3 0 1 4 14.5201 22 14
1 3 0 1 4 14.5201 22 14
1 3 0 1 4 14.5201 22 14
1 3 0 1 4 14.5201 22 14
1 3 0 1 4 14.5201 22 14
1 3 0 1 4 14.5201 22 14
1 4 0 1 5 14.36613 22 14
1 3 0 1 4 14.5201 22 14
1 4 0 1 5 14.39429 22 14
1 4 0 1 5 14.44264 22 14
1 4 0 1 5 14.51423 22 14
1 3 0 1 4 14.5201 22 14
1 3 0 1 4 14.5201 22 14
1 3 0 1 4 14.5201 22 14
1 3 0 1 4 14.5201 22 14
1 3 0 1 4 14.5201 22 14
1 3 0 1 4 14.5201 22 14
1 3 0 1 4 14.5201 22 14
1 4 0 1 5 14.45446 22 14
1 4 0 1 5 14.51977 22 14
1 3 0 1 4 14.5201 22 14
1 4 0 1 5 14.44424 22 14
1 3 0 1 4 14.5201 22 14
1 3 0 1 4 14.5201 22 14
1 3 0 1 4 14.5201 22 14
1 5 0 1 6 14.2525 22 14
1 3 0 1 4 14.5201 22 14
1 3 0 1 4 14.5201 22 14
1 4 0 1 5 14.10845 22 14
1 4 0 1 5 14.28445 22 14
1 3 0 1 4 14.5201 22 14
1 3 0 1 4 14.5201 22 14
1 3 0 1 4 14.5201 22 14
1 3 0 1 4 14.5201 22 14
1 3 0 1 4 14.5201 22 14
1 3 0 1 4 14.5201 22 14
1 3 0 1 4 14.5201 22 14
1 3 0 1 4 14.5201 22 14
1 4 0 1 5 14.47245 22 14
1 4 0 1 5 14.51423 22 14
1 3 0 1 4 14.5201 22 14
1 3 0 1 4 14.5201 22 14
1 3 0 1 4 14.5201 22 14
1 3 0 1 4 14.5201 22 14
1 3 0 1 4 14.5201 22 14
1 3 0 1 4 14.5201 22 14
1 3 0 1 4 14.5201 22 14
1 3 0 1 4 14.5201 22 14
1 3 0 1 4 14.5201 22 14
1 4 0 1 5 14.38092 22 14
1 3 0 1 4 14.5201 22 14
1 3 0 1 4 14.5201 22 14
1 4 0 1 5 14.50649 22 14
1 3 0 1 4 14.5201 22 14
1 3 0 1 4 14.5201 22 14
1 3 0 1 4 14.5201 22 14
1 3 0 1 4 14.5201 22 14
1 3 0 1 4 14.5201 22 14
1 4 0 1 5 14.45268 22 14
1 3 0 1 4 14.5201 22 14
1 4 0 1 5 14.40213 22 14
1 3 0 1 4 14.5201 22 14
1 3 0 1 4 14.5201 22 14
1 3 0 1 4 14.5201 22 14
1 3 0 1 4 14.5201 22 14
1 3 0 1 4 14.5201 22 14
1 4 0 1 5 14.4496 22 14
1 3 0 1 4 14.5201 22 14
1 4 0 1 5 14.51581 22 14
1 3 0 1 4 14.5201 22 14
1 3 0 1 4 14.5201 22 14
1 3 0 1 4 14.5201 22 14
1 4 0 1 5 14.49136 22 14
1 3 0 1 4 14.5201 22 14
1 3 0 1 4 14.5201 22 14
1 4 0 1 5 14.4303 22 14
1 4 0 1 5 14.4987 22 14
1 3 0 1 4 14.5201 22 14
1 3 0 1 4 14.5201 22 14
1 3 0 1 4 14.5201 22 14
1 3 0 1 4 14.5201 22 14
1 3 0 1 4 14.5201 22 14
1 3 0 1 4 14.5201 22 14
1 4 0 1 5 14.45611 22 14
1 3 0 1 4 14.5201 22 14
1 3 0 1 4 14.5201 22 14
1 3 0 1 4 14.5201 22 14
1 3 0 1 4 14.5201 22 14
1 3 0 1 4 14.5201 22 14
1 3 0 1 4 14.5201 22 14
1 3 0 1 4 14.5201 22 14
1 4 0 1 5 14.50389 22 14
1 3 0 1 4 14.5201 22 14
1 3 0 1 4 14.5201 22 14
1 3 0 1 4 14.5201 22 14
1 4 0 1 5 14.39084 22 14
1 3 0 1 4 14.5201 22 14
1 5 0 1 6 14.47285 22 14
1 3 0 1 4 14.5201 22 14
1 4 0 1 5 14.46518 22 14
1 3 0 1 4 14.5201 22 14
1 3 0 1 4 14.5201 22 14
1 3 0 1 4 14.5201 22 14
1 3 0 1 4 14.5201 22 14
1 4 0 1 5 14.51612 22 14
1 4 0 1 5 14.42248 22 14
1 3 0 1 4 14.5201 22 14
1 3 0 1 4 14.5201 22 14
1 3 0 1 4 14.5201 22 14
1 3 0 1 4 14.5201 22 14
1 3 0 1 4 14.5201 22 14
1 3 0 1 4 14.5201 22 14
1 3 0 1 4 14.5201 22 14
1 3 0 1 4 14.5201 22 14
1 3 0 1 4 14.5201 22 14
1 4 0 1 5 14.27196 22 14
1 3 0 1 4 14.5201 22 14
1 3 0 1 4 14.5201 22 14
1 4 0 1 5 14.21398 22 14
1 3 0 1 4 14.5201 22 14
1 3 0 1 4 14.5201 22 14
1 3 0 1 4 14.5201 22 14
1 4 0 1 5 14.10845 22 14
1 3 0 1 4 14.5201 22 14
1 3 0 1 4 14.5201 22 14
1 3 0 1 4 14.5201 22 14
1 4 0 1 5 14.51753 22 14
1 3 0 1 4 14.5201 22 14
1 5 0 1 6 14.30903 22 14
1 4 0 1 5 14.29836 22 14
1 3 0 1 4 14.5201 22 14
1 3 0 1 4 14.5201 22 14
1 3 0 1 4 14.5201 22 14
1 3 0 1 4 14.5201 22 14
1 4 0 1 5 14.45111 22 14
1 3 0 1 4 14.5201 22 14
1 3 0 1 4 14.5201 22 14
1 3 0 1 4 14.5201 22 14
1 3 0 1 4 14.5201 22 14
1 4 0 1 5 14.40505 22 14
1 3 0 1 4 14.5201 22 14
1 3 0 1 4 14.5201 22 14
1 3 0 1 4 14.5201 22 14
1 3 0 1 4 14.5201 22 14
1 3 0 1 4 14.5201 22 14
1 3 0 1 4 14.5201 22 14
1 3 0 1 4 14.5201 22 14
1 4 0 1 5 14.50164 22 14
1 3 0 1 4 14.5201 22 14
1 4 0 1 5 14.40828 22 14
1 3 0 1 4 14.5201 22 14
1 3 0 1 4 14.5201 22 14
1 3 0 1 4 14.5201 22 14
1 3 0 1 4 14.5201 22 14
1 4 0 1 5 14.45446 22 14
1 3 0 1 4 14.5201 22 14
1 3 0 1 4 14.5201 22 14
1 4 0 1 5 14.45956 22 14
1 4 0 1 5 14.46641 22 14
1 3 0 1 4 14.5201 22 14
1 3 0 1 4 14.5201 22 14
1 3 0 1 4 14.5201 22 14
1 3 0 1 4 14.5201 22 14
1 3 0 1 4 14.5201 22 14
1 3 0 1 4 14.5201 22 14
1 3 0 1 4 14.5201 22 14
1 3 0 1 4 14.5201 22 14
1 3 0 1 4 14.5201 22 14
1 3 0 1 4 14.5201 22 14
1 3 0 1 4 14.5201 22 14
1 3 0 1 4 14.5201 22 14
1 4 0 1 5 14.25439 22 14
1 4 0 1 5 14.34475 22 14
1 4 0 1 5 14.3384 22 14
1 3 0 1 4 14.5201 22 14
1 3 0 1 4 14.5201 22 14
1 3 0 1 4 14.5201 22 14
1 3 0 1 4 14.5201 22 14
1 3 0 1 4 14.5201 22 14
1 3 0 1 4 14.5201 22 14
1 3 0 1 4 14.5201 22 14
1 3 0 1 4 14.5201 22 14
1 4 0 1 5 14.3624 22 14
1 3 0 1 4 14.5201 22 14
1 3 0 1 4 14.5201 22 14
1 3 0 1 4 14.5201 22 14
1 4 0 1 5 14.48916 22 14
1 3 0 1 4 14.5201 22 14
1 3 0 1 4 14.5201 22 14
1 3 0 1 4 14.5201 22 14
1 4 0 1 5 14.31177 22 14
1 4 0 1 5 14.50857 22 14
1 3 0 1 4 14.5201 22 14
1 3 0 1 4 14.5201 22 14
1 3 0 1 4 14.5201 22 14
1 3 0 1 4 14.5201 22 14
1 3 0 1 4 14.5201 22 14
1 3 0 1 4 14.5201 22 14
1 5 0 1 6 14.28874 22 14
1 3 0 1 4 14.5201 22 14
1 4 0 1 5 14.49206 22 14
1 3 0 1 4 14.5201 22 14
1 3 0 1 4 14.5201 22 14
1 3 0 1 4 14.5201 22 14
1 5 0 1 6 14.47954 22 14
1 3 0 1 4 14.5201 22 14
1 3 0 1 4 14.5201 22 14
1 5 0 1 6 14.08128 22 14
1 3 0 1 4 14.5201 22 14
1 3 0 1 4 14.5201 22 14
1 3 0 1 4 14.5201 22 14
1 3 0 1 4 14.5201 22 14
1 3 0 1 4 14.5201 22 14
1 3 0 1 4 14.5201 22 14
1 4 0 1 5 14.29727 22 14
1 3 0 1 4 14.5201 22 14
1 3 0 1 4 14.5201 22 14
1 3 0 1 4 14.5201 22 14
1 4 0 1 5 14.01654 22 14
1 3 0 1 4 14.5201 22 14
1 3 0 1 4 14.5201 22 14
1 3 0 1 4 14.5201 22 14
1 3 0 1 4 14.5201 22 14
1 3 0 1 4 14.5201 22 14
1 3 0 1 4 14.5201 22 14
1 4 0 1 5 14.3162 22 14
1 3 0 1 4 14.5201 22 14
1 3 0 1 4 14.5201 22 14
1 3 0 1 4 14.5201 22 14
1 3 0 1 4 14.5201 22 14
1 4 0 1 5 14.22181 22 14
1 3 0 1 4 14.5201 22 14
1 4 0 1 5 14.51546 22 14
1 3 0 1 4 14.5201 22 14
1 3 0 1 4 14.5201 22 14
1 3 0 1 4 14.5201 22 14
1 3 0 1 4 14.5201 22 14
1 4 0 1 5 14.19732 22 14
1 3 0 1 4 14.5201 22 14
1 4 0 1 5 14.17539 22 14
1 3 0 1 4 14.5201 22 14
1 4 0 1 5 14.07258 22 14
1 3 0 1 4 14.5201 22 14
1 3 0 1 4 14.5201 22 14
1 3 0 1 4 14.5201 22 14
1 3 0 1 4 14.5201 22 14
1 3 0 1 4 14.5201 22 14
1 3 0 1 4 14.5201 22 14
1 3 0 1 4 14.5201 22 14
1 3 0 1 4 14.5201 22 14
1 3 0 1 4 14.5201 22 14
1 3 0 1 4 14.5201 22 14
1 3 0 1 4 14.5201 22 14
1 3 0 1 4 14.5201 22 14
1 3 0 1 4 14.5201 22 14
1 3 0 1 4 14.5201 22 14
1 3 0 1 4 14.5201 22 14
1 3 0 1 4 14.5201 22 14
1 3 0 1 4 14.5201 22 14
1 4 0 1 5 14.18546 22 14
1 3 0 1 4 14.5201 22 14
1 3 0 1 4 14.5201 22 14
1 3 0 1 4 14.5201 22 14
1 3 0 1 4 14.5201 22 14
1 3 0 1 4 14.5201 22 14
1 4 0 1 5 14.30058 22 14
1 3 0 1 4 14.5201 22 14
1 3 0 1 4 14.5201 22 14
1 3 0 1 4 14.5201 22 14
1 3 0 1 4 14.5201 22 14
1 3 0 1 4 14.5201 22 14
1 3 0 1 4 14.5201 22 14
1 3 0 1 4 14.5201 22 14
1 3 0 1 4 14.5201 22 14
1 3 0 1 4 14.5201 22 14
1 3 0 1 4 14.5201 22 14
1 3 0 1 4 14.5201 22 14
1 4 0 1 5 14.38019 22 14
1 3 0 1 4 14.5201 22 14
1 3 0 1 4 14.5201 22 14
1 3 0 1 4 14.5201 22 14
1 4 0 1 5 14.47992 22 14
1 3 0 1 4 14.5201 22 14
1 3 0 1 4 14.5201 22 14
1 4 0 1 5 14.39853 22 14
1 3 0 1 4 14.5201 22 14
1 3 0 1 4 14.5201 22 14
1 3 0 1 4 14.5201 22 14
1 4 0 1 5 14.46298 22 14
1 4 0 1 5 14.51364 22 14
1 3 0 1 4 14.5201 22 14
1 4 0 1 5 14.43212 22 14
1 3 0 1 4 14.5201 22 14
1 4 0 1 5 14.40878 22 14
1 3 0 1 4 14.5201 22 14
1 4 0 1 5 14.5066 22 14
1 3 0 1 4 14.5201 22 14
1 4 0 1 5 14.43437 22 14
1 4 0 1 5 14.35349 22 14
1 4 0 1 5 14.46143 22 14
1 3 0 1 4 14.5201 22 14
1 4 0 1 5 14.43932 22 14
1 3 0 1 4 14.5201 22 14
1 4 0 1 5 14.51581 22 14
1 3 0 1 4 14.5201 22 14
1 3 0 1 4 14.5201 22 14
1 3 0 1 4 14.5201 22 14
1 3 0 1 4 14.5201 22 14
1 3 0 1 4 14.5201 22 14
1 3 0 1 4 14.5201 22 14
1 3 0 1 4 14.5201 22 14
1 4 0 1 5 14.51549 22 14
1 4 0 1 5 14.49001 22 14
1 3 0 1 4 14.5201 22 14
1 4 0 1 5 14.5167 22 14
1 3 0 1 4 14.5201 22 14
1 3 0 1 4 14.5201 22 14
1 3 0 1 4 14.5201 22 14
1 3 0 1 4 14.5201 22 14
1 3 0 1 4 14.5201 22 14
1 3 0 1 4 14.5201 22 14
1 3 0 1 4 14.5201 22 14
1 3 0 1 4 14.5201 22 14
1 3 0 1 4 14.5201 22 14
1 3 0 1 4 14.5201 22 14
1 3 0 1 4 14.5201 22 14
1 4 0 1 5 14.28677 22 14
1 4 0 1 5 14.08116 22 14
1 5 0 1 6 14.43887 22 14
1 3 0 1 4 14.5201 22 14
1 3 0 1 4 14.5201 22 14
1 5 0 1 6 14.06222 22 14
1 3 0 1 4 14.5201 22 14
1 4 0 1 5 14.4329 22 14
1 4 0 1 5 14.50091 22 14
1 4 0 1 5 14.25697 22 14
1 5 0 1 6 14.45455 22 14
1 4 0 1 5 14.48962 22 14
1 3 0 1 4 14.5201 22 14
1 3 0 1 4 14.5201 22 14
1 3 0 1 4 14.5201 22 14
1 3 0 1 4 14.5201 22 14
1 3 0 1 4 14.5201 22 14
1 3 0 1 4 14.5201 22 14
1 5 0 1 6 14.4025 22 14
1 3 0 1 4 14.5201 22 14
1 3 0 1 4 14.5201 22 14
1 3 0 1 4 14.5201 22 14
1 2 0 1 3 14.44534 22 14
2 4 0 1 5 14.31164 22 14
2 2 0 1 3 14.29359 22 14
2 1 0 1 2 14.12814 22 14
1 1 0 1 2 14.27416 22 14
1 1 0 1 2 14.00846 22 14
2 1 0 1 2 14.34965 22 14
2 1 0 1 2 14.06376 22 14
2 1 0 1 2 14.15581 22 14
2 1 0 1 2 14.76531 22 14
1 2 0 1 3 14.02606 22 14
2 1 0 1 2 14.40038 22 14
2 2 0 1 3 14.14746 22 14
2 1 0 1 2 14.46401 22 14
2 2 0 1 3 14.07423 22 14
2 2 0 1 3 14.39576 22 14
2 2 0 1 3 14.42546 22 14
2 1 0 1 2 14.76439 22 14
2 1 0 1 2 14.37381 22 14
2 3 0 1 4 14.11614 22 14
2 1 0 1 2 14.0308 22 14
2 1 0 1 2 14.48116 22 14
2 1 0 1 2 14.1409 22 14
2 2 0 1 3 14.68774 22 14
2 5 0 1 6 14.18262 22 14
2 1 0 1 2 14.55849 22 14
2 2 0 1 3 14.59961 22 14
2 4 0 1 5 14.80977 22 14
2 2 0 1 3 14.37674 22 14
2 1 0 1 2 14.61726 22 14
2 1 0 1 2 14.00253 22 14
2 4 0 1 5 14.63018 22 14
2 1 0 1 2 14.29133 22 14
2 2 0 1 3 14.30775 22 14
2 1 0 1 2 14.06922 22 14
2 1 0 1 2 14.47361 22 14
1 4 0 1 5 14.04884 22 14
1 4 0 1 5 14.04884 22 14
1 4 0 1 5 14.04884 22 14
1 4 0 1 5 14.04884 22 14
1 4 0 1 5 14.04884 22 14
1 4 0 1 5 14.04884 22 14
1 4 0 1 5 14.04884 22 14
1 4 0 1 5 14.04884 22 14
1 4 0 1 5 14.04884 22 14
1 4 0 1 5 14.04884 22 14
1 4 0 1 5 14.04884 22 14
1 4 0 1 5 14.04884 22 14
1 4 0 1 5 14.04884 22 14
1 4 0 1 5 14.04884 22 14
1 4 0 1 5 14.04884 22 14
1 4 0 1 5 14.04884 22 14
1 4 0 1 5 14.04884 22 14
1 4 0 1 5 14.04884 22 14
1 4 0 1 5 14.04884 22 14
1 4 0 1 5 14.04884 22 14
1 5 0 1 6 14.01879 22 14
1 5 0 1 6 14.04869 22 14
1 4 0 1 5 14.04884 22 14
1 4 0 1 5 14.04884 22 14
1 4 0 1 5 14.04884 22 14
1 4 0 1 5 14.04884 22 14
1 4 0 1 5 14.04884 22 14
1 4 0 1 5 14.04884 22 14
1 4 0 1 5 14.04884 22 14
1 4 0 1 5 14.04884 22 14
1 4 0 1 5 14.04884 22 14
1 4 0 1 5 14.04884 22 14
1 4 0 1 5 14.04884 22 14
1 4 0 1 5 14.04884 22 14
1 4 0 1 5 14.04884 22 14
1 4 0 1 5 14.04884 22 14
1 4 0 1 5 14.04884 22 14
1 4 0 1 5 14.04884 22 14
1 4 0 1 5 14.04884 22 14
1 4 0 1 5 14.04884 22 14
1 4 0 1 5 14.04884 22 14
1 4 0 1 5 14.04884 22 14
1 4 0 1 5 14.04884 22 14
1 4 0 1 5 14.04884 22 14
1 4 0 1 5 14.04884 22 14
1 5 0 1 6 14.04302 22 14
1 4 0 1 5 14.04884 22 14
1 4 0 1 5 14.04884 22 14
1 4 0 1 5 14.04884 22 14
1 4 0 1 5 14.04884 22 14
1 4 0 1 5 14.04884 22 14
1 4 0 1 5 14.04884 22 14
1 4 0 1 5 14.04884 22 14
1 4 0 1 5 14.04884 22 14
1 4 0 1 5 14.04884 22 14
1 4 0 1 5 14.04884 22 14
1 4 0 1 5 14.04884 22 14
1 4 0 1 5 14.04884 22 14
1 5 0 1 6 14.01615 22 14
1 4 0 1 5 14.04884 22 14
1 4 0 1 5 14.04884 22 14
1 4 0 1 5 14.04884 22 14
1 4 0 1 5 14.04884 22 14
1 4 0 1 5 14.04884 22 14
1 4 0 1 5 14.04884 22 14
1 4 0 1 5 14.04884 22 14
1 4 0 1 5 14.04884 22 14
1 4 0 1 5 14.04884 22 14
1 4 0 1 5 14.04884 22 14
1 4 0 1 5 14.04884 22 14
1 4 0 1 5 14.04884 22 14
1 4 0 1 5 14.04884 22 14
1 4 0 1 5 14.04884 22 14
1 4 0 1 5 14.04884 22 14
1 4 0 1 5 14.04884 22 14
1 4 0 1 5 14.04884 22 14
1 5 0 1 6 14.03234 22 14
1 5 0 1 6 14.04342 22 14
1 4 0 1 5 14.04884 22 14
1 4 0 1 5 14.04884 22 14
1 4 0 1 5 14.04884 22 14
1 4 0 1 5 14.04884 22 14
1 4 0 1 5 14.04884 22 14
1 4 0 1 5 14.04884 22 14
1 4 0 1 5 14.04884 22 14
1 4 0 1 5 14.04884 22 14
1 4 0 1 5 14.04884 22 14
1 4 0 1 5 14.04884 22 14
1 4 0 1 5 14.04884 22 14
1 4 0 1 5 14.04884 22 14
1 4 0 1 5 14.04884 22 14
1 4 0 1 5 14.04884 22 14
1 4 0 1 5 14.04884 22 14
1 4 0 1 5 14.04884 22 14
1 4 0 1 5 14.04884 22 14
1 4 0 1 5 14.04884 22 14
1 4 0 1 5 14.04884 22 14
1 4 0 1 5 14.04884 22 14
1 4 0 1 5 14.04884 22 14
1 4 0 1 5 14.04884 22 14
1 5 0 1 6 14.03146 22 14
1 4 0 1 5 14.04884 22 14
1 4 0 1 5 14.04884 22 14
1 4 0 1 5 14.04884 22 14
1 4 0 1 5 14.04884 22 14
1 4 0 1 5 14.04884 22 14
1 4 0 1 5 14.04884 22 14
1 4 0 1 5 14.04884 22 14
1 4 0 1 5 14.04884 22 14
1 4 0 1 5 14.04884 22 14
1 4 0 1 5 14.04884 22 14
1 4 0 1 5 14.04884 22 14
1 4 0 1 5 14.04884 22 14
1 4 0 1 5 14.04884 22 14
1 4 0 1 5 14.04884 22 14
1 4 0 1 5 14.04884 22 14
1 4 0 1 5 14.04884 22 14
1 4 0 1 5 14.04884 22 14
1 4 0 1 5 14.04884 22 14
1 4 0 1 5 14.04884 22 14
1 4 0 1 5 14.04884 22 14
1 5 0 1 6 14.00066 22 14
1 4 0 1 5 14.04884 22 14
1 4 0 1 5 14.04884 22 14
1 4 0 1 5 14.04884 22 14
1 4 0 1 5 14.04884 22 14
1 4 0 1 5 14.04884 22 14
1 4 0 1 5 14.04884 22 14
1 4 0 1 5 14.04884 22 14
1 4 0 1 5 14.04884 22 14
1 4 0 1 5 14.04884 22 14
1 4 0 1 5 14.04884 22 14
1 4 0 1 5 14.04884 22 14
1 4 0 1 5 14.04884 22 14
1 4 0 1 5 14.04884 22 14
1 4 0 1 5 14.04884 22 14
1 4 0 1 5 14.04884 22 14
1 4 0 1 5 14.04884 22 14
1 4 0 1 5 14.04884 22 14
1 4 0 1 5 14.04884 22 14
1 4 0 1 5 14.04884 22 14
1 4 0 1 5 14.04884 22 14
1 4 0 1 5 14.04884 22 14
1 4 0 1 5 14.04884 22 14
1 4 0 1 5 14.04884 22 14
1 4 0 1 5 14.04884 22 14
1 4 0 1 5 14.04884 22 14
1 4 0 1 5 14.04884 22 14
1 4 0 1 5 14.04884 22 14
1 4 0 1 5 14.04884 22 14
1 4 0 1 5 14.04884 22 14
1 4 0 1 5 14.04884 22 14
1 4 0 1 5 14.04884 22 14
1 4 0 1 5 14.04884 22 14
1 4 0 1 5 14.04884 22 14
1 4 0 1 5 14.04884 22 14
1 4 0 1 5 14.04884 22 14
1 4 0 1 5 14.04884 22 14
1 4 0 1 5 14.04884 22 14
1 4 0 1 5 14.04884 22 14
1 4 0 1 5 14.04884 22 14
1 4 0 1 5 14.04884 22 14
1 4 0 1 5 14.04884 22 14
1 4 0 1 5 14.04884 22 14
1 4 0 1 5 14.04884 22 14
1 4 0 1 5 14.04884 22 14
1 4 0 1 5 14.04884 22 14
1 4 0 1 5 14.04884 22 14
1 4 0 1 5 14.04884 22 14
1 4 0 1 5 14.04884 22 14
1 4 0 1 5 14.04884 22 14
1 4 0 1 5 14.04884 22 14
1 4 0 1 5 14.04884 22 14
1 4 0 1 5 14.04884 22 14
1 5 0 1 6 14.01706 22 14
1 5 0 1 6 14.01412 22 14
1 4 0 1 5 14.04884 22 14
1 4 0 1 5 14.04884 22 14
1 4 0 1 5 14.04884 22 14
1 4 0 1 5 14.04884 22 14
1 4 0 1 5 14.04884 22 14
1 4 0 1 5 14.04884 22 14
1 4 0 1 5 14.04884 22 14
1 4 0 1 5 14.04884 22 14
1 4 0 1 5 14.04884 22 14
1 4 0 1 5 14.04884 22 14
1 4 0 1 5 14.04884 22 14
1 4 0 1 5 14.04884 22 14
1 4 0 1 5 14.04884 22 14
1 4 0 1 5 14.04884 22 14
1 4 0 1 5 14.04884 22 14
1 4 0 1 5 14.04884 22 14
1 4 0 1 5 14.04884 22 14
1 4 0 1 5 14.04884 22 14
1 4 0 1 5 14.04884 22 14
1 4 0 1 5 14.04884 22 14
1 4 0 1 5 14.04884 22 14
1 4 0 1 5 14.04884 22 14
1 4 0 1 5 14.04884 22 14
1 4 0 1 5 14.04884 22 14
1 4 0 1 5 14.04884 22 14
1 4 0 1 5 14.04884 22 14
1 4 0 1 5 14.04884 22 14
1 4 0 1 5 14.04884 22 14
1 4 0 1 5 14.04884 22 14
1 4 0 1 5 14.04884 22 14
1 4 0 1 5 14.04884 22 14
1 4 0 1 5 14.04884 22 14
1 4 0 1 5 14.04884 22 14
1 4 0 1 5 14.04884 22 14
1 4 0 1 5 14.04884 22 14
1 4 0 1 5 14.04884 22 14
1 4 0 1 5 14.04884 22 14
1 4 0 1 5 14.04884 22 14
1 4 0 1 5 14.04884 22 14
1 4 0 1 5 14.04884 22 14
1 4 0 1 5 14.04884 22 14
1 4 0 1 5 14.04884 22 14
1 4 0 1 5 14.04884 22 14
1 4 0 1 5 14.04884 22 14
1 4 0 1 5 14.04884 22 14
1 4 0 1 5 14.04884 22 14
1 4 0 1 5 14.04884 22 14
1 4 0 1 5 14.04884 22 14
1 4 0 1 5 14.04884 22 14
1 4 0 1 5 14.04884 22 14
1 4 0 1 5 14.04884 22 14
1 4 0 1 5 14.04884 22 14
1 4 0 1 5 14.04884 22 14
1 4 0 1 5 14.04884 22 14
1 4 0 1 5 14.04884 22 14
1 4 0 1 5 14.04884 22 14
1 4 0 1 5 14.04884 22 14
1 4 0 1 5 14.04884 22 14
1 4 0 1 5 14.04884 22 14
1 4 0 1 5 14.04884 22 14
1 4 0 1 5 14.04884 22 14
1 4 0 1 5 14.04884 22 14
1 4 0 1 5 14.04884 22 14
1 4 0 1 5 14.04884 22 14
1 4 0 1 5 14.04884 22 14
1 4 0 1 5 14.04884 22 14
1 4 0 1 5 14.04884 22 14
1 4 0 1 5 14.04884 22 14
1 4 0 1 5 14.04884 22 14
1 5 0 1 6 14.04868 22 14
1 4 0 1 5 14.04884 22 14
1 4 0 1 5 14.04884 22 14
1 4 0 1 5 14.04884 22 14
1 4 0 1 5 14.04884 22 14
1 4 0 1 5 14.04884 22 14
1 4 0 1 5 14.04884 22 14
1 4 0 1 5 14.04884 22 14
1 4 0 1 5 14.04884 22 14
1 4 0 1 5 14.04884 22 14
1 4 0 1 5 14.04884 22 14
1 4 0 1 5 14.04884 22 14
1 4 0 1 5 14.04884 22 14
1 4 0 1 5 14.04884 22 14
1 4 0 1 5 14.04884 22 14
1 4 0 1 5 14.04884 22 14
1 4 0 1 5 14.04884 22 14
1 4 0 1 5 14.04884 22 14
1 4 0 1 5 14.04884 22 14
1 4 0 1 5 14.04884 22 14
1 5 0 1 6 14.04832 22 14
1 4 0 1 5 14.04884 22 14
1 4 0 1 5 14.04884 22 14
1 4 0 1 5 14.04884 22 14
1 4 0 1 5 14.04884 22 14
1 4 0 1 5 14.04884 22 14
1 4 0 1 5 14.04884 22 14
1 4 0 1 5 14.04884 22 14
1 4 0 1 5 14.04884 22 14
1 4 0 1 5 14.04884 22 14
1 4 0 1 5 14.04884 22 14
1 4 0 1 5 14.04884 22 14
1 4 0 1 5 14.04884 22 14
1 4 0 1 5 14.04884 22 14
1 4 0 1 5 14.04884 22 14
1 4 0 1 5 14.04884 22 14
1 4 0 1 5 14.04884 22 14
1 4 0 1 5 14.04884 22 14
1 4 0 1 5 14.04884 22 14
1 4 0 1 5 14.04884 22 14
1 4 0 1 5 14.04884 22 14
1 4 0 1 5 14.04884 22 14
1 4 0 1 5 14.04884 22 14
1 4 0 1 5 14.04884 22 14
1 4 0 1 5 14.04884 22 14
1 4 0 1 5 14.04884 22 14
1 4 0 1 5 14.04884 22 14
1 4 0 1 5 14.04884 22 14
1 4 0 1 5 14.04884 22 14
1 4 0 1 5 14.04884 22 14
1 4 0 1 5 14.04884 22 14
1 4 0 1 5 14.04884 22 14
1 4 0 1 5 14.04884 22 14
1 4 0 1 5 14.04884 22 14
1 4 0 1 5 14.04884 22 14
1 4 0 1 5 14.04884 22 14
1 4 0 1 5 14.04884 22 14
1 4 0 1 5 14.04884 22 14
1 4 0 1 5 14.04884 22 14
1 4 0 1 5 14.04884 22 14
1 4 0 1 5 14.04884 22 14
1 4 0 1 5 14.04884 22 14
1 4 0 1 5 14.04884 22 14
1 4 0 1 5 14.04884 22 14
1 4 0 1 5 14.04884 22 14
1 4 0 1 5 14.04884 22 14
1 4 0 1 5 14.04884 22 14
1 4 0 1 5 14.04884 22 14
1 4 0 1 5 14.04884 22 14
1 4 0 1 5 14.04884 22 14
1 4 0 1 5 14.04884 22 14
1 4 0 1 5 14.04884 22 14
1 4 0 1 5 14.04884 22 14
1 4 0 1 5 14.04884 22 14
1 4 0 1 5 14.04884 22 14
1 4 0 1 5 14.04884 22 14
1 4 0 1 5 14.04884 22 14
1 4 0 1 5 14.04884 22 14
1 5 0 1 6 14.02644 22 14
1 4 0 1 5 14.04884 22 14
1 4 0 1 5 14.04884 22 14
1 4 0 1 5 14.04884 22 14
1 4 0 1 5 14.04884 22 14
1 4 0 1 5 14.04884 22 14
1 4 0 1 5 14.04884 22 14
1 4 0 1 5 14.04884 22 14
1 4 0 1 5 14.04884 22 14
1 4 0 1 5 14.04884 22 14
1 4 0 1 5 14.04884 22 14
1 4 0 1 5 14.04884 22 14
1 4 0 1 5 14.04884 22 14
1 4 0 1 5 14.04884 22 14
1 4 0 1 5 14.04884 22 14
1 4 0 1 5 14.04884 22 14
1 4 0 1 5 14.04884 22 14
1 4 0 1 5 14.04884 22 14
1 4 0 1 5 14.04884 22 14
1 4 0 1 5 14.04884 22 14
1 4 0 1 5 14.04884 22 14
1 4 0 1 5 14.04884 22 14
1 4 0 1 5 14.04884 22 14
1 4 0 1 5 14.04884 22 14
1 4 0 1 5 14.04884 22 14
1 4 0 1 5 14.04884 22 14
1 4 0 1 5 14.04884 22 14
1 4 0 1 5 14.04884 22 14
1 4 0 1 5 14.04884 22 14
1 4 0 1 5 14.04884 22 14
1 4 0 1 5 14.04884 22 14
1 4 0 1 5 14.04884 22 14
1 4 0 1 5 14.04884 22 14
1 4 0 1 5 14.04884 22 14
1 4 0 1 5 14.04884 22 14
1 4 0 1 5 14.04884 22 14
1 4 0 1 5 14.04884 22 14
1 4 0 1 5 14.04884 22 14
1 4 0 1 5 14.04884 22 14
1 4 0 1 5 14.04884 22 14
1 4 0 1 5 14.04884 22 14
1 4 0 1 5 14.04884 22 14
1 4 0 1 5 14.04884 22 14
1 4 0 1 5 14.04884 22 14
1 4 0 1 5 14.04884 22 14
1 4 0 1 5 14.04884 22 14
1 4 0 1 5 14.04884 22 14
1 4 0 1 5 14.04884 22 14
1 5 0 1 6 14.04716 22 14
1 5 0 1 6 14.01686 22 14
1 4 0 1 5 14.04884 22 14
1 4 0 1 5 14.04884 22 14
1 4 0 1 5 14.04884 22 14
1 4 0 1 5 14.04884 22 14
1 4 0 1 5 14.04884 22 14
1 4 0 1 5 14.04884 22 14
1 4 0 1 5 14.04884 22 14
1 4 0 1 5 14.04884 22 14
1 4 0 1 5 14.04884 22 14
1 4 0 1 5 14.04884 22 14
1 4 0 1 5 14.04884 22 14
1 4 0 1 5 14.04884 22 14
1 5 0 1 6 14.03581 22 14
1 4 0 1 5 14.04884 22 14
1 4 0 1 5 14.04884 22 14
1 4 0 1 5 14.04884 22 14
1 4 0 1 5 14.04884 22 14
1 4 0 1 5 14.04884 22 14
1 4 0 1 5 14.04884 22 14
1 4 0 1 5 14.04884 22 14
1 4 0 1 5 14.04884 22 14
1 4 0 1 5 14.04884 22 14
1 4 0 1 5 14.04884 22 14
1 4 0 1 5 14.04884 22 14
1 4 0 1 5 14.04884 22 14
1 5 0 1 6 14.02125 22 14
1 4 0 1 5 14.04884 22 14
1 5 0 1 6 14.02951 22 14
1 4 0 1 5 14.04884 22 14
1 4 0 1 5 14.04884 22 14
1 4 0 1 5 14.04884 22 14
1 4 0 1 5 14.04884 22 14
1 4 0 1 5 14.04884 22 14
1 4 0 1 5 14.04884 22 14
1 4 0 1 5 14.04884 22 14
1 4 0 1 5 14.04884 22 14
1 4 0 1 5 14.04884 22 14
1 4 0 1 5 14.04884 22 14
1 4 0 1 5 14.04884 22 14
1 4 0 1 5 14.04884 22 14
1 4 0 1 5 14.04884 22 14
1 4 0 1 5 14.04884 22 14
1 4 0 1 5 14.04884 22 14
1 4 0 1 5 14.04884 22 14
1 4 0 1 5 14.04884 22 14
1 4 0 1 5 14.04884 22 14
1 4 0 1 5 14.04884 22 14
1 4 0 1 5 14.04884 22 14
1 5 0 1 6 14.00979 22 14
1 4 0 1 5 14.04884 22 14
1 4 0 1 5 14.04884 22 14
1 4 0 1 5 14.04884 22 14
1 4 0 1 5 14.04884 22 14
1 4 0 1 5 14.04884 22 14
1 4 0 1 5 14.04884 22 14
1 4 0 1 5 14.04884 22 14
1 5 0 1 6 14.04743 22 14
1 4 0 1 5 14.04884 22 14
1 4 0 1 5 14.04884 22 14
1 4 0 1 5 14.04884 22 14
1 4 0 1 5 14.04884 22 14
1 4 0 1 5 14.04884 22 14
1 4 0 1 5 14.04884 22 14
1 4 0 1 5 14.04884 22 14
1 4 0 1 5 14.04884 22 14
1 4 0 1 5 14.04884 22 14
1 4 0 1 5 14.04884 22 14
1 4 0 1 5 14.04884 22 14
1 4 0 1 5 14.04884 22 14
1 4 0 1 5 14.04884 22 14
1 4 0 1 5 14.04884 22 14
1 4 0 1 5 14.04884 22 14
1 4 0 1 5 14.04884 22 14
1 4 0 1 5 14.04884 22 14
1 4 0 1 5 14.04884 22 14
1 4 0 1 5 14.04884 22 14
1 4 0 1 5 14.04884 22 14
1 5 0 1 6 14.03497 22 14
1 4 0 1 5 14.04884 22 14
1 5 0 1 6 14.01656 22 14
1 4 0 1 5 14.04884 22 14
1 4 0 1 5 14.04884 22 14
1 4 0 1 5 14.04884 22 14
1 4 0 1 5 14.04884 22 14
1 4 0 1 5 14.04884 22 14
1 4 0 1 5 14.04884 22 14
1 4 0 1 5 14.04884 22 14
1 4 0 1 5 14.04884 22 14
1 4 0 1 5 14.04884 22 14
1 4 0 1 5 14.04884 22 14
1 4 0 1 5 14.04884 22 14
1 4 0 1 5 14.04884 22 14
1 4 0 1 5 14.04884 22 14
1 4 0 1 5 14.04884 22 14
1 4 0 1 5 14.04884 22 14
1 4 0 1 5 14.04884 22 14
1 4 0 1 5 14.04884 22 14
1 4 0 1 5 14.04884 22 14
1 4 0 1 5 14.04884 22 14
1 4 0 1 5 14.04884 22 14
1 4 0 1 5 14.04884 22 14
1 4 0 1 5 14.04884 22 14
1 4 0 1 5 14.04884 22 14
1 4 0 1 5 14.04884 22 14
1 4 0 1 5 14.04884 22 14
1 4 0 1 5 14.04884 22 14
1 4 0 1 5 14.04884 22 14
1 4 0 1 5 14.04884 22 14
1 4 0 1 5 14.04884 22 14
1 4 0 1 5 14.04884 22 14
1 4 0 1 5 14.04884 22 14
1 4 0 1 5 14.04884 22 14
1 5 0 1 6 14.02431 22 14
1 4 0 1 5 14.04884 22 14
1 4 0 1 5 14.04884 22 14
1 4 0 1 5 14.04884 22 14
1 4 0 1 5 14.04884 22 14
1 4 0 1 5 14.04884 22 14
1 4 0 1 5 14.04884 22 14
1 5 0 1 6 14.04049 22 14
1 5 0 1 6 14.03817 22 14
1 4 0 1 5 14.04884 22 14
1 4 0 1 5 14.04884 22 14
1 4 0 1 5 14.04884 22 14
1 4 0 1 5 14.04884 22 14
1 4 0 1 5 14.04884 22 14
1 4 0 1 5 14.04884 22 14
1 4 0 1 5 14.04884 22 14
1 4 0 1 5 14.04884 22 14
1 4 0 1 5 14.04884 22 14
1 4 0 1 5 14.04884 22 14
1 4 0 1 5 14.04884 22 14
1 4 0 1 5 14.04884 22 14
1 4 0 1 5 14.04884 22 14
1 4 0 1 5 14.04884 22 14
1 4 0 1 5 14.04884 22 14
1 4 0 1 5 14.04884 22 14
1 4 0 1 5 14.04884 22 14
1 4 0 1 5 14.04884 22 14
1 4 0 1 5 14.04884 22 14
1 4 0 1 5 14.04884 22 14
1 4 0 1 5 14.04884 22 14
1 4 0 1 5 14.04884 22 14
1 4 0 1 5 14.04884 22 14
1 4 0 1 5 14.04884 22 14
1 4 0 1 5 14.04884 22 14
1 4 0 1 5 14.04884 22 14
1 4 0 1 5 14.04884 22 14
1 4 0 1 5 14.04884 22 14
1 4 0 1 5 14.04884 22 14
1 4 0 1 5 14.04884 22 14
1 4 0 1 5 14.04884 22 14
1 4 0 1 5 14.04884 22 14
1 4 0 1 5 14.04884 22 14
1 4 0 1 5 14.04884 22 14
1 5 0 1 6 14.01875 22 14
1 4 0 1 5 14.04884 22 14
1 4 0 1 5 14.04884 22 14
1 4 0 1 5 14.04884 22 14
1 4 0 1 5 14.04884 22 14
1 4 0 1 5 14.04884 22 14
1 4 0 1 5 14.04884 22 14
1 4 0 1 5 14.04884 22 14
1 4 0 1 5 14.04884 22 14
1 4 0 1 5 14.04884 22 14
1 4 0 1 5 14.04884 22 14
1 4 0 1 5 14.04884 22 14
1 4 0 1 5 14.04884 22 14
1 4 0 1 5 14.04884 22 14
1 4 0 1 5 14.04884 22 14
1 4 0 1 5 14.04884 22 14
1 4 0 1 5 14.04884 22 14
1 4 0 1 5 14.04884 22 14
1 4 0 1 5 14.04884 22 14
1 4 0 1 5 14.04884 22 14
1 4 0 1 5 14.04884 22 14
1 4 0 1 5 14.04884 22 14
1 4 0 1 5 14.04884 22 14
1 4 0 1 5 14.04884 22 14
1 4 0 1 5 14.04884 22 14
1 4 0 1 5 14.04884 22 14
1 4 0 1 5 14.04884 22 14
1 4 0 1 5 14.04884 22 14
1 4 0 1 5 14.04884 22 14
1 4 0 1 5 14.04884 22 14
1 4 0 1 5 14.04884 22 14
1 4 0 1 5 14.04884 22 14
1 4 0 1 5 14.04884 22 14
1 4 0 1 5 14.04884 22 14
1 4 0 1 5 14.04884 22 14
1 4 0 1 5 14.04884 22 14
1 4 0 1 5 14.04884 22 14
1 4 0 1 5 14.04884 22 14
1 4 0 1 5 14.04884 22 14
1 4 0 1 5 14.04884 22 14
1 4 0 1 5 14.04884 22 14
1 4 0 1 5 14.04884 22 14
1 4 0 1 5 14.04884 22 14
1 4 0 1 5 14.04884 22 14
1 4 0 1 5 14.04884 22 14
1 4 0 1 5 14.04884 22 14
1 4 0 1 5 14.04884 22 14
1 4 0 1 5 14.04884 22 14
1 4 0 1 5 14.04884 22 14
1 4 0 1 5 14.04884 22 14
1 4 0 1 5 14.04884 22 14
1 4 0 1 5 14.04884 22 14
1 4 0 1 5 14.04884 22 14
1 4 0 1 5 14.04884 22 14
1 4 0 1 5 14.04884 22 14
1 4 0 1 5 14.04884 22 14
1 4 0 1 5 14.04884 22 14
1 4 0 1 5 14.04884 22 14
1 4 0 1 5 14.04884 22 14
1 4 0 1 5 14.04884 22 14
1 4 0 1 5 14.04884 22 14
1 4 0 1 5 14.04884 22 14
1 4 0 1 5 14.04884 22 14
1 4 0 1 5 14.04884 22 14
1 4 0 1 5 14.04884 22 14
1 4 0 1 5 14.04884 22 14
1 4 0 1 5 14.04884 22 14
1 4 0 1 5 14.04884 22 14
1 4 0 1 5 14.04884 22 14
1 4 0 1 5 14.04884 22 14
1 4 0 1 5 14.04884 22 14
1 4 0 1 5 14.04884 22 14
1 4 0 1 5 14.04884 22 14
1 4 0 1 5 14.04884 22 14
1 4 0 1 5 14.04884 22 14
1 4 0 1 5 14.04884 22 14
1 4 0 1 5 14.04884 22 14
1 4 0 1 5 14.04884 22 14
1 4 0 1 5 14.04884 22 14
1 4 0 1 5 14.04884 22 14
1 4 0 1 5 14.04884 22 14
1 4 0 1 5 14.04884 22 14
1 4 0 1 5 14.04884 22 14
1 4 0 1 5 14.04884 22 14
1 5 0 1 6 14.04261 22 14
1 4 0 1 5 14.04884 22 14
1 4 0 1 5 14.04884 22 14
1 4 0 1 5 14.04884 22 14
1 4 0 1 5 14.04884 22 14
1 4 0 1 5 14.04884 22 14
1 4 0 1 5 14.04884 22 14
1 4 0 1 5 14.04884 22 14
1 4 0 1 5 14.04884 22 14
1 4 0 1 5 14.04884 22 14
1 4 0 1 5 14.04884 22 14
1 4 0 1 5 14.04884 22 14
1 4 0 1 5 14.04884 22 14
1 4 0 1 5 14.04884 22 14
1 4 0 1 5 14.04884 22 14
1 4 0 1 5 14.04884 22 14
1 4 0 1 5 14.04884 22 14
1 4 0 1 5 14.04884 22 14
1 4 0 1 5 14.04884 22 14
1 4 0 1 5 14.04884 22 14
1 4 0 1 5 14.04884 22 14
1 4 0 1 5 14.04884 22 14
1 4 0 1 5 14.04884 22 14
1 4 0 1 5 14.04884 22 14
1 4 0 1 5 14.04884 22 14
1 4 0 1 5 14.04884 22 14
1 4 0 1 5 14.04884 22 14
1 4 0 1 5 14.04884 22 14
1 5 0 1 6 14.0296 22 14
1 4 0 1 5 14.04884 22 14
1 4 0 1 5 14.04884 22 14
1 4 0 1 5 14.04884 22 14
1 4 0 1 5 14.04884 22 14
1 4 0 1 5 14.04884 22 14
1 4 0 1 5 14.04884 22 14
1 4 0 1 5 14.04884 22 14
1 4 0 1 5 14.04884 22 14
1 4 0 1 5 14.04884 22 14
1 5 0 1 6 14.02402 22 14
1 4 0 1 5 14.04884 22 14
1 4 0 1 5 14.04884 22 14
1 4 0 1 5 14.04884 22 14
1 4 0 1 5 14.04884 22 14
1 4 0 1 5 14.04884 22 14
1 4 0 1 5 14.04884 22 14
1 4 0 1 5 14.04884 22 14
1 4 0 1 5 14.04884 22 14
1 4 0 1 5 14.04884 22 14
1 4 0 1 5 14.04884 22 14
1 4 0 1 5 14.04884 22 14
1 4 0 1 5 14.04884 22 14
1 4 0 1 5 14.04884 22 14
1 4 0 1 5 14.04884 22 14
1 4 0 1 5 14.04884 22 14
1 4 0 1 5 14.04884 22 14
1 4 0 1 5 14.04884 22 14
1 5 0 1 6 14.03355 22 14
1 4 0 1 5 14.04884 22 14
1 4 0 1 5 14.04884 22 14
1 4 0 1 5 14.04884 22 14
1 5 0 1 6 14.03003 22 14
1 4 0 1 5 14.04884 22 14
1 4 0 1 5 14.04884 22 14
1 4 0 1 5 14.04884 22 14
1 4 0 1 5 14.04884 22 14
1 4 0 1 5 14.04884 22 14
1 4 0 1 5 14.04884 22 14
1 4 0 1 5 14.04884 22 14
1 4 0 1 5 14.04884 22 14
1 4 0 1 5 14.04884 22 14
1 4 0 1 5 14.04884 22 14
1 4 0 1 5 14.04884 22 14
1 4 0 1 5 14.04884 22 14
1 4 0 1 5 14.04884 22 14
1 5 0 1 6 14.02235 22 14
1 4 0 1 5 14.04884 22 14
1 5 0 1 6 14.03064 22 14
1 4 0 1 5 14.04884 22 14
1 4 0 1 5 14.04884 22 14
1 4 0 1 5 14.04884 22 14
1 4 0 1 5 14.04884 22 14
1 4 0 1 5 14.04884 22 14
1 5 0 1 6 14.00772 22 14
1 4 0 1 5 14.04884 22 14
1 4 0 1 5 14.04884 22 14
1 4 0 1 5 14.04884 22 14
1 4 0 1 5 14.04884 22 14
1 4 0 1 5 14.04884 22 14
1 4 0 1 5 14.04884 22 14
1 4 0 1 5 14.04884 22 14
1 4 0 1 5 14.04884 22 14
1 4 0 1 5 14.04884 22 14
1 4 0 1 5 14.04884 22 14
1 4 0 1 5 14.04884 22 14
1 4 0 1 5 14.04884 22 14
1 4 0 1 5 14.04884 22 14
1 4 0 1 5 14.04884 22 14
1 4 0 1 5 14.04884 22 14
1 4 0 1 5 14.04884 22 14
1 4 0 1 5 14.04884 22 14
1 4 0 1 5 14.04884 22 14
1 4 0 1 5 14.04884 22 14
1 4 0 1 5 14.04884 22 14
1 4 0 1 5 14.04884 22 14
1 4 0 1 5 14.04884 22 14
1 5 0 1 6 14.04512 22 14
1 4 0 1 5 14.04884 22 14
1 4 0 1 5 14.04884 22 14
1 4 0 1 5 14.04884 22 14
1 4 0 1 5 14.04884 22 14
1 4 0 1 5 14.04884 22 14
1 4 0 1 5 14.04884 22 14
1 4 0 1 5 14.04884 22 14
1 4 0 1 5 14.04884 22 14
1 4 0 1 5 14.04884 22 14
1 4 0 1 5 14.04884 22 14
1 4 0 1 5 14.04884 22 14
1 4 0 1 5 14.04884 22 14
1 4 0 1 5 14.04884 22 14
1 4 0 1 5 14.04884 22 14
1 4 0 1 5 14.04884 22 14
1 4 0 1 5 14.04884 22 14
1 4 0 1 5 14.04884 22 14
1 4 0 1 5 14.04884 22 14
1 4 0 1 5 14.04884 22 14
1 4 0 1 5 14.04884 22 14
1 4 0 1 5 14.04884 22 14
1 4 0 1 5 14.04884 22 14
1 5 0 1 6 14.04502 22 14
1 4 0 1 5 14.04884 22 14
1 4 0 1 5 14.04884 22 14
1 4 0 1 5 14.04884 22 14
1 4 0 1 5 14.04884 22 14
1 4 0 1 5 14.04884 22 14
1 4 0 1 5 14.04884 22 14
1 4 0 1 5 14.04884 22 14
1 4 0 1 5 14.04884 22 14
1 4 0 1 5 14.04884 22 14
1 4 0 1 5 14.04884 22 14
1 4 0 1 5 14.04884 22 14
1 4 0 1 5 14.04884 22 14
1 4 0 1 5 14.04884 22 14
1 4 0 1 5 14.04884 22 14
1 4 0 1 5 14.04884 22 14
1 4 0 1 5 14.04884 22 14
1 4 0 1 5 14.04884 22 14
1 4 0 1 5 14.04884 22 14
1 4 0 1 5 14.04884 22 14
1 4 0 1 5 14.04884 22 14
1 4 0 1 5 14.04884 22 14
1 4 0 1 5 14.04884 22 14
1 4 0 1 5 14.04884 22 14
1 4 0 1 5 14.04884 22 14
1 4 0 1 5 14.04884 22 14
1 4 0 1 5 14.04884 22 14
1 4 0 1 5 14.04884 22 14
1 4 0 1 5 14.04884 22 14
1 4 0 1 5 14.04884 22 14
1 4 0 1 5 14.04884 22 14
1 4 0 1 5 14.04884 22 14
1 4 0 1 5 14.04884 22 14
1 4 0 1 5 14.04884 22 14
1 4 0 1 5 14.04884 22 14
1 4 0 1 5 14.04884 22 14
1 4 0 1 5 14.04884 22 14
1 4 0 1 5 14.04884 22 14
1 4 0 1 5 14.04884 22 14
1 4 0 1 5 14.04884 22 14
1 4 0 1 5 14.04884 22 14
1 4 0 1 5 14.04884 22 14
1 4 0 1 5 14.04884 22 14
1 4 0 1 5 14.04884 22 14
1 4 0 1 5 14.04884 22 14
1 4 0 1 5 14.04884 22 14
1 4 0 1 5 14.04884 22 14
1 4 0 1 5 14.04884 22 14
1 4 0 1 5 14.04884 22 14
1 5 0 1 6 14.01115 22 14
1 4 0 1 5 14.04884 22 14
1 4 0 1 5 14.04884 22 14
1 4 0 1 5 14.04884 22 14
1 4 0 1 5 14.04884 22 14
1 4 0 1 5 14.04884 22 14
1 4 0 1 5 14.04884 22 14
1 4 0 1 5 14.04884 22 14
1 4 0 1 5 14.04884 22 14
1 4 0 1 5 14.04884 22 14
1 4 0 1 5 14.04884 22 14
1 4 0 1 5 14.04884 22 14
1 4 0 1 5 14.04884 22 14
1 4 0 1 5 14.04884 22 14
1 4 0 1 5 14.04884 22 14
1 4 0 1 5 14.04884 22 14
1 4 0 1 5 14.04884 22 14
1 4 0 1 5 14.04884 22 14
1 4 0 1 5 14.04884 22 14
1 4 0 1 5 14.04884 22 14
1 4 0 1 5 14.04884 22 14
1 4 0 1 5 14.04884 22 14
1 5 0 1 6 14.04621 22 14
1 4 0 1 5 14.04884 22 14
1 4 0 1 5 14.04884 22 14
1 4 0 1 5 14.04884 22 14
1 4 0 1 5 14.04884 22 14
1 4 0 1 5 14.04884 22 14
1 4 0 1 5 14.04884 22 14
1 4 0 1 5 14.04884 22 14
1 4 0 1 5 14.04884 22 14
1 4 0 1 5 14.04884 22 14
1 4 0 1 5 14.04884 22 14
1 4 0 1 5 14.04884 22 14
1 4 0 1 5 14.04884 22 14
1 5 0 1 6 14.02419 22 14
1 4 0 1 5 14.04884 22 14
1 4 0 1 5 14.04884 22 14
1 4 0 1 5 14.04884 22 14
1 4 0 1 5 14.04884 22 14
1 4 0 1 5 14.04884 22 14
1 4 0 1 5 14.04884 22 14
1 4 0 1 5 14.04884 22 14
1 4 0 1 5 14.04884 22 14
1 4 0 1 5 14.04884 22 14
1 4 0 1 5 14.04884 22 14
1 4 0 1 5 14.04884 22 14
1 4 0 1 5 14.04884 22 14
1 4 0 1 5 14.04884 22 14
1 4 0 1 5 14.04884 22 14
1 4 0 1 5 14.04884 22 14
1 4 0 1 5 14.04884 22 14
1 4 0 1 5 14.04884 22 14
1 4 0 1 5 14.04884 22 14
1 4 0 1 5 14.04884 22 14
1 4 0 1 5 14.04884 22 14
1 4 0 1 5 14.04884 22 14
1 4 0 1 5 14.04884 22 14
1 4 0 1 5 14.04884 22 14
1 4 0 1 5 14.04884 22 14
1 4 0 1 5 14.04884 22 14
1 4 0 1 5 14.04884 22 14
1 4 0 1 5 14.04884 22 14
1 4 0 1 5 14.04884 22 14
1 4 0 1 5 14.04884 22 14
1 4 0 1 5 14.04884 22 14
1 4 0 1 5 14.04884 22 14
1 4 0 1 5 14.04884 22 14
1 4 0 1 5 14.04884 22 14
1 4 0 1 5 14.04884 22 14
1 4 0 1 5 14.04884 22 14
1 4 0 1 5 14.04884 22 14
1 4 0 1 5 14.04884 22 14
1 4 0 1 5 14.04884 22 14
1 4 0 1 5 14.04884 22 14
1 4 0 1 5 14.04884 22 14
1 4 0 1 5 14.04884 22 14
1 4 0 1 5 14.04884 22 14
1 4 0 1 5 14.04884 22 14
1 4 0 1 5 14.04884 22 14
1 4 0 1 5 14.04884 22 14
1 4 0 1 5 14.04884 22 14
1 4 0 1 5 14.04884 22 14
1 4 0 1 5 14.04884 22 14
1 4 0 1 5 14.04884 22 14
1 4 0 1 5 14.04884 22 14
1 4 0 1 5 14.04884 22 14
1 4 0 1 5 14.04884 22 14
1 4 0 1 5 14.04884 22 14
1 4 0 1 5 14.04884 22 14
1 4 0 1 5 14.04884 22 14
1 4 0 1 5 14.04884 22 14
1 4 0 1 5 14.04884 22 14
1 4 0 1 5 14.04884 22 14
1 4 0 1 5 14.04884 22 14
1 4 0 1 5 14.04884 22 14
1 4 0 1 5 14.04884 22 14
1 4 0 1 5 14.04884 22 14
1 4 0 1 5 14.04884 22 14
1 5 0 1 6 14.02383 22 14
1 4 0 1 5 14.04884 22 14
1 4 0 1 5 14.04884 22 14
1 4 0 1 5 14.04884 22 14
1 4 0 1 5 14.04884 22 14
1 4 0 1 5 14.04884 22 14
1 5 0 1 6 14.00992 22 14
1 4 0 1 5 14.04884 22 14
1 4 0 1 5 14.04884 22 14
1 4 0 1 5 14.04884 22 14
1 4 0 1 5 14.04884 22 14
1 4 0 1 5 14.04884 22 14
1 4 0 1 5 14.04884 22 14
1 4 0 1 5 14.04884 22 14
1 4 0 1 5 14.04884 22 14
1 4 0 1 5 14.04884 22 14
1 4 0 1 5 14.04884 22 14
1 4 0 1 5 14.04884 22 14
1 4 0 1 5 14.04884 22 14
1 4 0 1 5 14.04884 22 14
1 4 0 1 5 14.04884 22 14
1 4 0 1 5 14.04884 22 14
1 4 0 1 5 14.04884 22 14
1 4 0 1 5 14.04884 22 14
1 4 0 1 5 14.04884 22 14
1 4 0 1 5 14.04884 22 14
1 4 0 1 5 14.04884 22 14
1 4 0 1 5 14.04884 22 14
1 5 0 1 6 14.01254 22 14
1 4 0 1 5 14.04884 22 14
1 4 0 1 5 14.04884 22 14
1 4 0 1 5 14.04884 22 14
1 5 0 1 6 14.04409 22 14
1 5 0 1 6 14.04206 22 14
1 4 0 1 5 14.04884 22 14
1 4 0 1 5 14.04884 22 14
1 4 0 1 5 14.04884 22 14
1 4 0 1 5 14.04884 22 14
1 4 0 1 5 14.04884 22 14
1 4 0 1 5 14.04884 22 14
1 4 0 1 5 14.04884 22 14
1 4 0 1 5 14.04884 22 14
1 4 0 1 5 14.04884 22 14
1 4 0 1 5 14.04884 22 14
1 4 0 1 5 14.04884 22 14
1 4 0 1 5 14.04884 22 14
1 4 0 1 5 14.04884 22 14
1 4 0 1 5 14.04884 22 14
1 4 0 1 5 14.04884 22 14
1 4 0 1 5 14.04884 22 14
1 4 0 1 5 14.04884 22 14
1 4 0 1 5 14.04884 22 14
1 4 0 1 5 14.04884 22 14
1 4 0 1 5 14.04884 22 14
1 4 0 1 5 14.04884 22 14
1 4 0 1 5 14.04884 22 14
1 4 0 1 5 14.04884 22 14
1 4 0 1 5 14.04884 22 14
1 4 0 1 5 14.04884 22 14
1 4 0 1 5 14.04884 22 14
1 4 0 1 5 14.04884 22 14
1 4 0 1 5 14.04884 22 14
1 4 0 1 5 14.04884 22 14
1 4 0 1 5 14.04884 22 14
1 4 0 1 5 14.04884 22 14
1 4 0 1 5 14.04884 22 14
1 4 0 1 5 14.04884 22 14
1 4 0 1 5 14.04884 22 14
1 4 0 1 5 14.04884 22 14
1 4 0 1 5 14.04884 22 14
1 4 0 1 5 14.04884 22 14
1 4 0 1 5 14.04884 22 14
1 4 0 1 5 14.04884 22 14
1 4 0 1 5 14.04884 22 14
1 4 0 1 5 14.04884 22 14
1 4 0 1 5 14.04884 22 14
1 4 0 1 5 14.04884 22 14
1 4 0 1 5 14.04884 22 14
1 4 0 1 5 14.04884 22 14
1 4 0 1 5 14.04884 22 14
1 4 0 1 5 14.04884 22 14
1 4 0 1 5 14.04884 22 14
1 4 0 1 5 14.04884 22 14
1 4 0 1 5 14.04884 22 14
1 4 0 1 5 14.04884 22 14
1 4 0 1 5 14.04884 22 14
1 4 0 1 5 14.04884 22 14
1 4 0 1 5 14.04884 22 14
1 4 0 1 5 14.04884 22 14
1 4 0 1 5 14.04884 22 14
1 4 0 1 5 14.04884 22 14
1 4 0 1 5 14.04884 22 14
1 4 0 1 5 14.04884 22 14
1 4 0 1 5 14.04884 22 14
1 4 0 1 5 14.04884 22 14
1 4 0 1 5 14.04884 22 14
1 4 0 1 5 14.04884 22 14
1 4 0 1 5 14.04884 22 14
1 4 0 1 5 14.04884 22 14
1 4 0 1 5 14.04884 22 14
1 4 0 1 5 14.04884 22 14
1 4 0 1 5 14.04884 22 14
1 4 0 1 5 14.04884 22 14
1 4 0 1 5 14.04884 22 14
1 4 0 1 5 14.04884 22 14
1 5 0 1 6 14.00399 22 14
1 4 0 1 5 14.04884 22 14
1 4 0 1 5 14.04884 22 14
1 4 0 1 5 14.04884 22 14
1 4 0 1 5 14.04884 22 14
1 4 0 1 5 14.04884 22 14
1 4 0 1 5 14.04884 22 14
1 4 0 1 5 14.04884 22 14
1 4 0 1 5 14.04884 22 14
1 4 0 1 5 14.04884 22 14
1 4 0 1 5 14.04884 22 14
1 4 0 1 5 14.04884 22 14
1 4 0 1 5 14.04884 22 14
1 4 0 1 5 14.04884 22 14
1 4 0 1 5 14.04884 22 14
1 4 0 1 5 14.04884 22 14
1 4 0 1 5 14.04884 22 14
1 4 0 1 5 14.04884 22 14
1 4 0 1 5 14.04884 22 14
1 4 0 1 5 14.04884 22 14
1 4 0 1 5 14.04884 22 14
1 4 0 1 5 14.04884 22 14
1 4 0 1 5 14.04884 22 14
1 4 0 1 5 14.04884 22 14
1 4 0 1 5 14.04884 22 14
1 4 0 1 5 14.04884 22 14
1 5 0 1 6 14.03448 22 14
1 4 0 1 5 14.04884 22 14
1 4 0 1 5 14.04884 22 14
1 4 0 1 5 14.04884 22 14
1 4 0 1 5 14.04884 22 14
1 5 0 1 6 14.00806 22 14
1 4 0 1 5 14.04884 22 14
1 4 0 1 5 14.04884 22 14
1 4 0 1 5 14.04884 22 14
1 4 0 1 5 14.04884 22 14
1 4 0 1 5 14.04884 22 14
1 4 0 1 5 14.04884 22 14
1 4 0 1 5 14.04884 22 14
1 4 0 1 5 14.04884 22 14
1 4 0 1 5 14.04884 22 14
1 4 0 1 5 14.04884 22 14
1 4 0 1 5 14.04884 22 14
1 4 0 1 5 14.04884 22 14
1 4 0 1 5 14.04884 22 14
1 4 0 1 5 14.04884 22 14
1 4 0 1 5 14.04884 22 14
1 5 0 1 6 14.02009 22 14
1 4 0 1 5 14.04884 22 14
1 4 0 1 5 14.04884 22 14
1 4 0 1 5 14.04884 22 14
1 4 0 1 5 14.04884 22 14
1 4 0 1 5 14.04884 22 14
1 4 0 1 5 14.04884 22 14
1 4 0 1 5 14.04884 22 14
1 4 0 1 5 14.04884 22 14
1 4 0 1 5 14.04884 22 14
1 4 0 1 5 14.04884 22 14
1 4 0 1 5 14.04884 22 14
1 4 0 1 5 14.04884 22 14
1 4 0 1 5 14.04884 22 14
1 4 0 1 5 14.04884 22 14
1 4 0 1 5 14.04884 22 14
1 4 0 1 5 14.04884 22 14
1 4 0 1 5 14.04884 22 14
1 4 0 1 5 14.04884 22 14
1 4 0 1 5 14.04884 22 14
1 4 0 1 5 14.04884 22 14
1 5 0 1 6 14.03982 22 14
1 4 0 1 5 14.04884 22 14
1 4 0 1 5 14.04884 22 14
1 4 0 1 5 14.04884 22 14
1 4 0 1 5 14.04884 22 14
1 4 0 1 5 14.04884 22 14
1 5 0 1 6 14.02674 22 14
1 5 0 1 6 14.0021 22 14
1 4 0 1 5 14.04884 22 14
1 5 0 1 6 14.01363 22 14
1 4 0 1 5 14.04884 22 14
1 4 0 1 5 14.04884 22 14
1 5 0 1 6 14.03141 22 14
1 4 0 1 5 14.04884 22 14
1 4 0 1 5 14.04884 22 14
1 4 0 1 5 14.04884 22 14
1 4 0 1 5 14.04884 22 14
1 4 0 1 5 14.04884 22 14
1 4 0 1 5 14.04884 22 14
1 4 0 1 5 14.04884 22 14
1 4 0 1 5 14.04884 22 14
1 4 0 1 5 14.04884 22 14
1 5 0 1 6 14.03687 22 14
1 4 0 1 5 14.04884 22 14
1 5 0 1 6 14.04697 22 14
1 4 0 1 5 14.04884 22 14
1 4 0 1 5 14.04884 22 14
1 4 0 1 5 14.04884 22 14
1 4 0 1 5 14.04884 22 14
1 4 0 1 5 14.04884 22 14
1 4 0 1 5 14.04884 22 14
1 4 0 1 5 14.04884 22 14
1 5 0 1 6 14.04832 22 14
1 4 0 1 5 14.04884 22 14
1 4 0 1 5 14.04884 22 14
1 4 0 1 5 14.04884 22 14
1 4 0 1 5 14.04884 22 14
1 4 0 1 5 14.04884 22 14
1 4 0 1 5 14.04884 22 14
1 4 0 1 5 14.04884 22 14
1 4 0 1 5 14.04884 22 14
1 4 0 1 5 14.04884 22 14
1 4 0 1 5 14.04884 22 14
1 4 0 1 5 14.04884 22 14
1 4 0 1 5 14.04884 22 14
1 4 0 1 5 14.04884 22 14
1 4 0 1 5 14.04884 22 14
1 4 0 1 5 14.04884 22 14
1 4 0 1 5 14.04884 22 14
1 4 0 1 5 14.04884 22 14
1 4 0 1 5 14.04884 22 14
1 4 0 1 5 14.04884 22 14
1 4 0 1 5 14.04884 22 14
1 4 0 1 5 14.04884 22 14
1 4 0 1 5 14.04884 22 14
1 4 0 1 5 14.04884 22 14
1 4 0 1 5 14.04884 22 14
1 4 0 1 5 14.04884 22 14
1 4 0 1 5 14.04884 22 14
1 4 0 1 5 14.04884 22 14
1 4 0 1 5 14.04884 22 14
1 4 0 1 5 14.04884 22 14
1 4 0 1 5 14.04884 22 14
1 4 0 1 5 14.04884 22 14
1 4 0 1 5 14.04884 22 14
1 4 0 1 5 14.04884 22 14
1 4 0 1 5 14.04884 22 14
1 4 0 1 5 14.04884 22 14
1 4 0 1 5 14.04884 22 14
1 4 0 1 5 14.04884 22 14
1 4 0 1 5 14.04884 22 14
1 4 0 1 5 14.04884 22 14
1 4 0 1 5 14.04884 22 14
1 4 0 1 5 14.04884 22 14
1 4 0 1 5 14.04884 22 14
1 4 0 1 5 14.04884 22 14
1 4 0 1 5 14.04884 22 14
1 4 0 1 5 14.04884 22 14
1 4 0 1 5 14.04884 22 14
1 4 0 1 5 14.04884 22 14
1 4 0 1 5 14.04884 22 14
1 4 0 1 5 14.04884 22 14
1 4 0 1 5 14.04884 22 14
1 4 0 1 5 14.04884 22 14
1 4 0 1 5 14.04884 22 14
1 4 0 1 5 14.04884 22 14
1 4 0 1 5 14.04884 22 14
1 4 0 1 5 14.04884 22 14
1 4 0 1 5 14.04884 22 14
1 4 0 1 5 14.04884 22 14
1 4 0 1 5 14.04884 22 14
1 4 0 1 5 14.04884 22 14
1 4 0 1 5 14.04884 22 14
1 4 0 1 5 14.04884 22 14
1 4 0 1 5 14.04884 22 14
1 4 0 1 5 14.04884 22 14
1 4 0 1 5 14.04884 22 14
1 4 0 1 5 14.04884 22 14
1 4 0 1 5 14.04884 22 14
1 4 0 1 5 14.04884 22 14
1 4 0 1 5 14.04884 22 14
1 4 0 1 5 14.04884 22 14
1 4 0 1 5 14.04884 22 14
1 4 0 1 5 14.04884 22 14
1 4 0 1 5 14.04884 22 14
1 4 0 1 5 14.04884 22 14
1 4 0 1 5 14.04884 22 14
1 4 0 1 5 14.04884 22 14
1 4 0 1 5 14.04884 22 14
1 4 0 1 5 14.04884 22 14
1 4 0 1 5 14.04884 22 14
1 4 0 1 5 14.04884 22 14
1 4 0 1 5 14.04884 22 14
1 4 0 1 5 14.04884 22 14
1 4 0 1 5 14.04884 22 14
1 4 0 1 5 14.04884 22 14
1 4 0 1 5 14.04884 22 14
1 4 0 1 5 14.04884 22 14
1 4 0 1 5 14.04884 22 14
1 4 0 1 5 14.04884 22 14
1 5 0 1 6 14.04359 22 14
1 4 0 1 5 14.04884 22 14
1 4 0 1 5 14.04884 22 14
1 4 0 1 5 14.04884 22 14
1 4 0 1 5 14.04884 22 14
1 4 0 1 5 14.04884 22 14
1 4 0 1 5 14.04884 22 14
1 4 0 1 5 14.04884 22 14
1 4 0 1 5 14.04884 22 14
1 4 0 1 5 14.04884 22 14
1 4 0 1 5 14.04884 22 14
1 4 0 1 5 14.04884 22 14
1 4 0 1 5 14.04884 22 14
1 4 0 1 5 14.04884 22 14
1 4 0 1 5 14.04884 22 14
1 4 0 1 5 14.04884 22 14
1 4 0 1 5 14.04884 22 14
1 4 0 1 5 14.04884 22 14
1 4 0 1 5 14.04884 22 14
1 4 0 1 5 14.04884 22 14
1 4 0 1 5 14.04884 22 14
1 4 0 1 5 14.04884 22 14
1 4 0 1 5 14.04884 22 14
1 4 0 1 5 14.04884 22 14
1 4 0 1 5 14.04884 22 14
1 4 0 1 5 14.04884 22 14
1 4 0 1 5 14.04884 22 14
1 4 0 1 5 14.04884 22 14
1 4 0 1 5 14.04884 22 14
1 5 0 1 6 14.03394 22 14
1 4 0 1 5 14.04884 22 14
1 4 0 1 5 14.04884 22 14
1 4 0 1 5 14.04884 22 14
1 4 0 1 5 14.04884 22 14
1 4 0 1 5 14.04884 22 14
1 4 0 1 5 14.04884 22 14
1 4 0 1 5 14.04884 22 14
1 4 0 1 5 14.04884 22 14
1 4 0 1 5 14.04884 22 14
1 4 0 1 5 14.04884 22 14
1 4 0 1 5 14.04884 22 14
1 4 0 1 5 14.04884 22 14
1 4 0 1 5 14.04884 22 14
1 4 0 1 5 14.04884 22 14
1 4 0 1 5 14.04884 22 14
1 4 0 1 5 14.04884 22 14
1 4 0 1 5 14.04884 22 14
1 4 0 1 5 14.04884 22 14
1 4 0 1 5 14.04884 22 14
1 4 0 1 5 14.04884 22 14
1 4 0 1 5 14.04884 22 14
1 4 0 1 5 14.04884 22 14
1 4 0 1 5 14.04884 22 14
1 4 0 1 5 14.04884 22 14
1 5 0 1 6 14.04559 22 14
1 4 0 1 5 14.04884 22 14
1 4 0 1 5 14.04884 22 14
1 4 0 1 5 14.04884 22 14
1 4 0 1 5 14.04884 22 14
1 4 0 1 5 14.04884 22 14
1 4 0 1 5 14.04884 22 14
1 4 0 1 5 14.04884 22 14
1 4 0 1 5 14.04884 22 14
1 4 0 1 5 14.04884 22 14
1 4 0 1 5 14.04884 22 14
1 4 0 1 5 14.04884 22 14
1 4 0 1 5 14.04884 22 14
1 4 0 1 5 14.04884 22 14
1 4 0 1 5 14.04884 22 14
1 4 0 1 5 14.04884 22 14
1 4 0 1 5 14.04884 22 14
1 5 0 1 6 14.04442 22 14
1 4 0 1 5 14.04884 22 14
1 4 0 1 5 14.04884 22 14
1 4 0 1 5 14.04884 22 14
1 4 0 1 5 14.04884 22 14
1 4 0 1 5 14.04884 22 14
1 4 0 1 5 14.04884 22 14
1 4 0 1 5 14.04884 22 14
1 4 0 1 5 14.04884 22 14
1 4 0 1 5 14.04884 22 14
1 4 0 1 5 14.04884 22 14
1 4 0 1 5 14.04884 22 14
1 4 0 1 5 14.04884 22 14
1 4 0 1 5 14.04884 22 14
1 4 0 1 5 14.04884 22 14
1 4 0 1 5 14.04884 22 14
1 4 0 1 5 14.04884 22 14
1 4 0 1 5 14.04884 22 14
1 4 0 1 5 14.04884 22 14
1 4 0 1 5 14.04884 22 14
1 4 0 1 5 14.04884 22 14
1 4 0 1 5 14.04884 22 14
1 4 0 1 5 14.04884 22 14
1 4 0 1 5 14.04884 22 14
1 4 0 1 5 14.04884 22 14
1 4 0 1 5 14.04884 22 14
1 4 0 1 5 14.04884 22 14
1 5 0 1 6 14.04651 22 14
1 4 0 1 5 14.04884 22 14
1 4 0 1 5 14.04884 22 14
1 4 0 1 5 14.04884 22 14
1 4 0 1 5 14.04884 22 14
1 4 0 1 5 14.04884 22 14
1 4 0 1 5 14.04884 22 14
1 4 0 1 5 14.04884 22 14
1 4 0 1 5 14.04884 22 14
1 4 0 1 5 14.04884 22 14
1 4 0 1 5 14.04884 22 14
1 4 0 1 5 14.04884 22 14
1 4 0 1 5 14.04884 22 14
1 4 0 1 5 14.04884 22 14
1 4 0 1 5 14.04884 22 14
1 4 0 1 5 14.04884 22 14
1 4 0 1 5 14.04884 22 14
1 4 0 1 5 14.04884 22 14
1 4 0 1 5 14.04884 22 14
1 4 0 1 5 14.04884 22 14
1 4 0 1 5 14.04884 22 14
1 4 0 1 5 14.04884 22 14
1 4 0 1 5 14.04884 22 14
1 4 0 1 5 14.04884 22 14
1 4 0 1 5 14.04884 22 14
1 4 0 1 5 14.04884 22 14
1 4 0 1 5 14.04884 22 14
1 4 0 1 5 14.04884 22 14
1 4 0 1 5 14.04884 22 14
1 4 0 1 5 14.04884 22 14
1 4 0 1 5 14.04884 22 14
1 4 0 1 5 14.04884 22 14
1 4 0 1 5 14.04884 22 14
1 4 0 1 5 14.04884 22 14
1 4 0 1 5 14.04884 22 14
1 4 0 1 5 14.04884 22 14
1 4 0 1 5 14.04884 22 14
1 4 0 1 5 14.04884 22 14
1 4 0 1 5 14.04884 22 14
1 4 0 1 5 14.04884 22 14
1 4 0 1 5 14.04884 22 14
1 4 0 1 5 14.04884 22 14
1 4 0 1 5 14.04884 22 14
1 5 0 1 6 14.01229 22 14
1 4 0 1 5 14.04884 22 14
1 4 0 1 5 14.04884 22 14
1 4 0 1 5 14.04884 22 14
1 4 0 1 5 14.04884 22 14
1 4 0 1 5 14.04884 22 14
1 4 0 1 5 14.04884 22 14
1 4 0 1 5 14.04884 22 14
1 5 0 1 6 14.04357 22 14
1 4 0 1 5 14.04884 22 14
1 4 0 1 5 14.04884 22 14
1 4 0 1 5 14.04884 22 14
1 4 0 1 5 14.04884 22 14
1 4 0 1 5 14.04884 22 14
1 4 0 1 5 14.04884 22 14
1 4 0 1 5 14.04884 22 14
1 4 0 1 5 14.04884 22 14
1 4 0 1 5 14.04884 22 14
1 4 0 1 5 14.04884 22 14
1 4 0 1 5 14.04884 22 14
1 4 0 1 5 14.04884 22 14
1 4 0 1 5 14.04884 22 14
1 4 0 1 5 14.04884 22 14
1 4 0 1 5 14.04884 22 14
1 4 0 1 5 14.04884 22 14
1 4 0 1 5 14.04884 22 14
1 4 0 1 5 14.04884 22 14
1 4 0 1 5 14.04884 22 14
1 4 0 1 5 14.04884 22 14
1 4 0 1 5 14.04884 22 14
1 4 0 1 5 14.04884 22 14
1 4 0 1 5 14.04884 22 14
1 4 0 1 5 14.04884 22 14
1 4 0 1 5 14.04884 22 14
1 4 0 1 5 14.04884 22 14
1 4 0 1 5 14.04884 22 14
1 4 0 1 5 14.04884 22 14
1 4 0 1 5 14.04884 22 14
1 4 0 1 5 14.04884 22 14
1 4 0 1 5 14.04884 22 14
1 4 0 1 5 14.04884 22 14
1 4 0 1 5 14.04884 22 14
1 4 0 1 5 14.04884 22 14
1 4 0 1 5 14.04884 22 14
1 4 0 1 5 14.04884 22 14
1 4 0 1 5 14.04884 22 14
1 4 0 1 5 14.04884 22 14
1 4 0 1 5 14.04884 22 14
1 4 0 1 5 14.04884 22 14
1 5 0 1 6 14.01806 22 14
1 4 0 1 5 14.04884 22 14
1 4 0 1 5 14.04884 22 14
1 4 0 1 5 14.04884 22 14
1 4 0 1 5 14.04884 22 14
1 4 0 1 5 14.04884 22 14
1 4 0 1 5 14.04884 22 14
1 5 0 1 6 14.03234 22 14
1 5 0 1 6 14.03449 22 14
1 4 0 1 5 14.04884 22 14
1 4 0 1 5 14.04884 22 14
1 4 0 1 5 14.04884 22 14
1 4 0 1 5 14.04884 22 14
1 4 0 1 5 14.04884 22 14
1 4 0 1 5 14.04884 22 14
1 4 0 1 5 14.04884 22 14
1 4 0 1 5 14.04884 22 14
1 4 0 1 5 14.04884 22 14
1 4 0 1 5 14.04884 22 14
1 4 0 1 5 14.04884 22 14
1 4 0 1 5 14.04884 22 14
1 4 0 1 5 14.04884 22 14
1 4 0 1 5 14.04884 22 14
1 4 0 1 5 14.04884 22 14
1 4 0 1 5 14.04884 22 14
1 4 0 1 5 14.04884 22 14
1 4 0 1 5 14.04884 22 14
1 4 0 1 5 14.04884 22 14
1 4 0 1 5 14.04884 22 14
1 4 0 1 5 14.04884 22 14
1 4 0 1 5 14.04884 22 14
1 4 0 1 5 14.04884 22 14
1 4 0 1 5 14.04884 22 14
1 4 0 1 5 14.04884 22 14
1 4 0 1 5 14.04884 22 14
1 4 0 1 5 14.04884 22 14
1 4 0 1 5 14.04884 22 14
1 4 0 1 5 14.04884 22 14
1 5 0 1 6 14.0091 22 14
1 4 0 1 5 14.04884 22 14
1 4 0 1 5 14.04884 22 14
1 4 0 1 5 14.04884 22 14
1 4 0 1 5 14.04884 22 14
1 4 0 1 5 14.04884 22 14
1 4 0 1 5 14.04884 22 14
1 4 0 1 5 14.04884 22 14
1 4 0 1 5 14.04884 22 14
1 4 0 1 5 14.04884 22 14
1 4 0 1 5 14.04884 22 14
1 4 0 1 5 14.04884 22 14
1 4 0 1 5 14.04884 22 14
1 4 0 1 5 14.04884 22 14
1 4 0 1 5 14.04884 22 14
1 4 0 1 5 14.04884 22 14
1 4 0 1 5 14.04884 22 14
1 4 0 1 5 14.04884 22 14
1 4 0 1 5 14.04884 22 14
1 4 0 1 5 14.04884 22 14
1 4 0 1 5 14.04884 22 14
1 4 0 1 5 14.04884 22 14
1 4 0 1 5 14.04884 22 14
1 4 0 1 5 14.04884 22 14
1 4 0 1 5 14.04884 22 14
1 4 0 1 5 14.04884 22 14
1 4 0 1 5 14.04884 22 14
1 4 0 1 5 14.04884 22 14
1 4 0 1 5 14.04884 22 14
1 4 0 1 5 14.04884 22 14
1 4 0 1 5 14.04884 22 14
1 4 0 1 5 14.04884 22 14
1 4 0 1 5 14.04884 22 14
1 4 0 1 5 14.04884 22 14
1 4 0 1 5 14.04884 22 14
1 4 0 1 5 14.04884 22 14
1 4 0 1 5 14.04884 22 14
1 4 0 1 5 14.04884 22 14
1 4 0 1 5 14.04884 22 14
1 4 0 1 5 14.04884 22 14
1 4 0 1 5 14.04884 22 14
1 5 0 1 6 14.04375 22 14
1 4 0 1 5 14.04884 22 14
1 4 0 1 5 14.04884 22 14
1 4 0 1 5 14.04884 22 14
1 4 0 1 5 14.04884 22 14
1 4 0 1 5 14.04884 22 14
1 4 0 1 5 14.04884 22 14
1 4 0 1 5 14.04884 22 14
1 4 0 1 5 14.04884 22 14
1 4 0 1 5 14.04884 22 14
1 4 0 1 5 14.04884 22 14
1 5 0 1 6 14.00278 22 14
1 4 0 1 5 14.04884 22 14
1 4 0 1 5 14.04884 22 14
1 4 0 1 5 14.04884 22 14
1 4 0 1 5 14.04884 22 14
1 4 0 1 5 14.04884 22 14
1 4 0 1 5 14.04884 22 14
1 4 0 1 5 14.04884 22 14
1 4 0 1 5 14.04884 22 14
1 4 0 1 5 14.04884 22 14
1 4 0 1 5 14.04884 22 14
1 4 0 1 5 14.04884 22 14
1 4 0 1 5 14.04884 22 14
1 4 0 1 5 14.04884 22 14
1 4 0 1 5 14.04884 22 14
1 4 0 1 5 14.04884 22 14
1 4 0 1 5 14.04884 22 14
1 4 0 1 5 14.04884 22 14
1 5 0 1 6 14.01706 22 14
1 4 0 1 5 14.04884 22 14
1 4 0 1 5 14.04884 22 14
1 4 0 1 5 14.04884 22 14
1 4 0 1 5 14.04884 22 14
1 4 0 1 5 14.04884 22 14
1 4 0 1 5 14.04884 22 14
1 4 0 1 5 14.04884 22 14
1 4 0 1 5 14.04884 22 14
1 4 0 1 5 14.04884 22 14
1 4 0 1 5 14.04884 22 14
1 4 0 1 5 14.04884 22 14
1 4 0 1 5 14.04884 22 14
1 4 0 1 5 14.04884 22 14
1 4 0 1 5 14.04884 22 14
1 4 0 1 5 14.04884 22 14
1 4 0 1 5 14.04884 22 14
1 4 0 1 5 14.04884 22 14
1 4 0 1 5 14.04884 22 14
1 4 0 1 5 14.04884 22 14
1 4 0 1 5 14.04884 22 14
1 4 0 1 5 14.04884 22 14
1 5 0 1 6 14.03751 22 14
1 4 0 1 5 14.04884 22 14
1 4 0 1 5 14.04884 22 14
1 4 0 1 5 14.04884 22 14
1 2 0 1 3 14.04884 22 14
1 1 0 1 2 14.04884 22 14
2 1 0 1 2 14.32872 22 14
2 3 0 1 4 14.49628 22 14
2 1 0 1 2 14.21484 22 14
1 2 0 1 3 14.27427 22 14
1 2 0 1 3 14.27427 22 14
1 2 0 1 3 14.27427 22 14
1 2 0 1 3 14.27427 22 14
1 2 0 1 3 14.27427 22 14
1 2 0 1 3 14.27427 22 14
1 2 0 1 3 14.27427 22 14
1 2 0 1 3 14.27427 22 14
1 2 0 1 3 14.27427 22 14
1 2 0 1 3 14.27427 22 14
1 2 0 1 3 14.27427 22 14
1 2 0 1 3 14.27427 22 14
1 2 0 1 3 14.27427 22 14
1 2 0 1 3 14.27427 22 14
1 2 0 1 3 14.27427 22 14
1 2 0 1 3 14.27427 22 14
1 3 0 1 4 14.21438 22 14
1 2 0 1 3 14.27427 22 14
1 2 0 1 3 14.27427 22 14
1 2 0 1 3 14.27427 22 14
1 2 0 1 3 14.27427 22 14
1 2 0 1 3 14.27427 22 14
1 2 0 1 3 14.27427 22 14
1 2 0 1 3 14.27427 22 14
1 3 0 1 4 14.04159 22 14
1 2 0 1 3 14.27427 22 14
1 2 0 1 3 14.27427 22 14
1 3 0 1 4 14.19711 22 14
1 2 0 1 3 14.27427 22 14
1 2 0 1 3 14.27427 22 14
1 2 0 1 3 14.27427 22 14
1 2 0 1 3 14.27427 22 14
1 3 0 1 4 14.12047 22 14
1 2 0 1 3 14.27427 22 14
1 2 0 1 3 14.27427 22 14
1 2 0 1 3 14.27427 22 14
1 2 0 1 3 14.27427 22 14
1 2 0 1 3 14.27427 22 14
1 2 0 1 3 14.27427 22 14
1 2 0 1 3 14.27427 22 14
1 2 0 1 3 14.27427 22 14
1 2 0 1 3 14.27427 22 14
1 3 0 1 4 14.23751 22 14
1 3 0 1 4 14.27306 22 14
1 3 0 1 4 14.06803 22 14
1 2 0 1 3 14.27427 22 14
1 2 0 1 3 14.27427 22 14
1 2 0 1 3 14.27427 22 14
1 2 0 1 3 14.27427 22 14
1 3 0 1 4 14.14098 22 14
1 2 0 1 3 14.27427 22 14
1 2 0 1 3 14.27427 22 14
1 2 0 1 3 14.27427 22 14
1 2 0 1 3 14.27427 22 14
1 2 0 1 3 14.27427 22 14
1 2 0 1 3 14.27427 22 14
1 2 0 1 3 14.27427 22 14
1 3 0 1 4 14.01554 22 14
1 2 0 1 3 14.27427 22 14
1 3 0 1 4 14.24031 22 14
1 2 0 1 3 14.27427 22 14
1 2 0 1 3 14.27427 22 14
1 3 0 1 4 14.22038 22 14
1 3 0 1 4 14.22647 22 14
1 2 0 1 3 14.27427 22 14
1 2 0 1 3 14.27427 22 14
1 2 0 1 3 14.27427 22 14
1 3 0 1 4 14.25893 22 14
1 2 0 1 3 14.27427 22 14
1 2 0 1 3 14.27427 22 14
1 2 0 1 3 14.27427 22 14
1 2 0 1 3 14.27427 22 14
1 2 0 1 3 14.27427 22 14
1 2 0 1 3 14.27427 22 14
1 2 0 1 3 14.27427 22 14
1 2 0 1 3 14.27427 22 14
1 2 0 1 3 14.27427 22 14
1 2 0 1 3 14.27427 22 14
1 2 0 1 3 14.27427 22 14
1 3 0 1 4 14.09603 22 14
1 3 0 1 4 14.23042 22 14
1 2 0 1 3 14.27427 22 14
1 2 0 1 3 14.27427 22 14
1 2 0 1 3 14.27427 22 14
1 2 0 1 3 14.27427 22 14
1 3 0 1 4 14.25026 22 14
1 2 0 1 3 14.27427 22 14
1 2 0 1 3 14.27427 22 14
1 2 0 1 3 14.27427 22 14
1 3 0 1 4 14.24841 22 14
1 2 0 1 3 14.27427 22 14
1 2 0 1 3 14.27427 22 14
1 2 0 1 3 14.27427 22 14
1 2 0 1 3 14.27427 22 14
1 3 0 1 4 14.25667 22 14
1 2 0 1 3 14.27427 22 14
1 2 0 1 3 14.27427 22 14
1 2 0 1 3 14.27427 22 14
1 2 0 1 3 14.27427 22 14
1 3 0 1 4 14.03316 22 14
1 2 0 1 3 14.27427 22 14
1 2 0 1 3 14.27427 22 14
1 2 0 1 3 14.27427 22 14
1 2 0 1 3 14.27427 22 14
1 2 0 1 3 14.27427 22 14
1 2 0 1 3 14.27427 22 14
1 2 0 1 3 14.27427 22 14
1 2 0 1 3 14.27427 22 14
1 2 0 1 3 14.27427 22 14
1 2 0 1 3 14.27427 22 14
1 2 0 1 3 14.27427 22 14
1 2 0 1 3 14.27427 22 14
1 2 0 1 3 14.27427 22 14
1 2 0 1 3 14.27427 22 14
1 2 0 1 3 14.27427 22 14
1 2 0 1 3 14.27427 22 14
1 2 0 1 3 14.27427 22 14
1 3 0 1 4 14.14733 22 14
1 2 0 1 3 14.27427 22 14
1 2 0 1 3 14.27427 22 14
1 2 0 1 3 14.27427 22 14
1 2 0 1 3 14.27427 22 14
1 2 0 1 3 14.27427 22 14
1 2 0 1 3 14.27427 22 14
1 2 0 1 3 14.27427 22 14
1 2 0 1 3 14.27427 22 14
1 2 0 1 3 14.27427 22 14
1 2 0 1 3 14.27427 22 14
1 2 0 1 3 14.27427 22 14
1 2 0 1 3 14.27427 22 14
1 3 0 1 4 14.06043 22 14
1 2 0 1 3 14.27427 22 14
1 3 0 1 4 14.19627 22 14
1 2 0 1 3 14.27427 22 14
1 2 0 1 3 14.27427 22 14
1 2 0 1 3 14.27427 22 14
1 2 0 1 3 14.27427 22 14
1 2 0 1 3 14.27427 22 14
1 2 0 1 3 14.27427 22 14
1 2 0 1 3 14.27427 22 14
1 3 0 1 4 14.10922 22 14
1 2 0 1 3 14.27427 22 14
1 2 0 1 3 14.27427 22 14
1 2 0 1 3 14.27427 22 14
1 2 0 1 3 14.27427 22 14
1 2 0 1 3 14.27427 22 14
1 2 0 1 3 14.27427 22 14
1 3 0 1 4 14.0962 22 14
1 2 0 1 3 14.27427 22 14
1 2 0 1 3 14.27427 22 14
1 2 0 1 3 14.27427 22 14
1 2 0 1 3 14.27427 22 14
1 2 0 1 3 14.27427 22 14
1 2 0 1 3 14.27427 22 14
1 2 0 1 3 14.27427 22 14
1 2 0 1 3 14.27427 22 14
1 2 0 1 3 14.27427 22 14
1 2 0 1 3 14.27427 22 14
1 2 0 1 3 14.27427 22 14
1 2 0 1 3 14.27427 22 14
1 3 0 1 4 14.22337 22 14
1 3 0 1 4 14.24752 22 14
1 2 0 1 3 14.27427 22 14
1 2 0 1 3 14.27427 22 14
1 2 0 1 3 14.27427 22 14
1 2 0 1 3 14.27427 22 14
1 2 0 1 3 14.27427 22 14
1 3 0 1 4 14.2462 22 14
1 2 0 1 3 14.27427 22 14
1 2 0 1 3 14.27427 22 14
1 3 0 1 4 14.1774 22 14
1 2 0 1 3 14.27427 22 14
1 2 0 1 3 14.27427 22 14
1 2 0 1 3 14.27427 22 14
1 2 0 1 3 14.27427 22 14
1 2 0 1 3 14.27427 22 14
1 3 0 1 4 14.06903 22 14
1 2 0 1 3 14.27427 22 14
1 2 0 1 3 14.27427 22 14
1 2 0 1 3 14.27427 22 14
1 2 0 1 3 14.27427 22 14
1 1 0 1 2 14.27427 22 14
2 1 0 1 2 14.06491 22 14
2 2 0 1 3 14.35032 22 14
2 4 0 1 5 14.61893 22 14
1 4 0 1 5 14.17126 22 14
1 1 0 1 2 14.02533 22 14
2 1 0 1 2 14.16821 22 14
2 3 0 1 4 14.5012 22 14
2 3 0 1 4 14.9928 22 14
2 2 0 1 3 14.09066 22 14
2 1 0 1 2 14.06935 22 14
2 1 0 1 2 14.46002 22 14
END
