1000000 initial neutrinos of type 2 at energy 1E+19. 
Key: type,NC,CC,DC,Gen,Energy.
2 2 0 0 2 16.6739 19 14
2 1 0 0 1 16.1271 19 14
2 3 0 0 3 16.88873 19 14
2 2 0 0 2 18.25869 19 14
2 2 0 0 2 17.17163 19 14
2 5 0 0 5 18.87455 19 14
2 4 0 0 4 17.71331 19 14
2 2 0 0 2 17.15469 19 14
2 3 0 0 3 18.72929 19 14
2 1 0 1 2 14.24646 19 14
2 3 0 0 3 17.19038 19 14
2 4 0 0 4 17.62663 19 14
2 2 0 0 2 15.89805 19 14
2 2 0 1 3 14.20219 19 14
2 2 0 0 2 17.7928 19 14
2 2 0 0 2 18.83714 19 14
2 1 0 0 1 16.1271 19 14
2 1 0 0 1 16.1271 19 14
2 5 0 0 5 18.47331 19 14
2 2 0 0 2 17.47519 19 14
2 2 0 0 2 18.89737 19 14
2 2 0 0 2 18.19277 19 14
2 3 0 0 3 17.55147 19 14
2 2 0 0 2 17.80061 19 14
2 1 0 0 1 17.66567 19 14
2 1 0 0 1 16.1271 19 14
2 2 0 0 2 17.57218 19 14
2 5 0 0 5 17.80503 19 14
2 3 0 0 3 17.08196 19 14
2 2 0 0 2 16.80718 19 14
2 1 0 0 1 16.83059 19 14
2 4 0 0 4 17.20271 19 14
2 1 0 0 1 17.5768 19 14
2 3 0 0 3 17.744 19 14
2 1 0 0 1 16.94988 19 14
2 3 0 0 3 17.29999 19 14
2 1 0 0 1 17.51188 19 14
2 3 0 0 3 17.94237 19 14
2 9 0 0 9 17.00968 19 14
2 2 0 0 2 16.96404 19 14
2 4 0 0 4 17.5544 19 14
2 3 0 0 3 17.87913 19 14
2 6 0 0 6 17.4566 19 14
2 2 0 0 2 16.99817 19 14
2 5 0 0 5 18.80978 19 14
2 3 0 0 3 17.27 19 14
2 1 0 1 2 14.21692 19 14
2 4 0 0 4 17.05775 19 14
2 1 0 0 1 17.55847 19 14
2 3 0 0 3 16.03271 19 14
2 3 0 0 3 18.03912 19 14
2 1 0 0 1 17.57043 19 14
2 5 0 0 5 17.68793 19 14
2 1 0 1 2 14.25063 19 14
2 4 0 0 4 16.92125 19 14
2 5 0 0 5 17.95496 19 14
2 1 0 0 1 16.86332 19 14
2 3 0 0 3 17.43702 19 14
2 3 0 0 3 16.44623 19 14
2 3 0 0 3 17.29811 19 14
2 4 0 0 4 17.56809 19 14
2 1 0 0 1 16.1271 19 14
2 1 0 0 1 17.21085 19 14
2 5 0 0 5 17.46539 19 14
2 3 0 0 3 17.55968 19 14
2 2 0 0 2 17.64906 19 14
2 2 0 0 2 16.43334 19 14
2 4 0 0 4 18.32596 19 14
2 1 0 1 2 14.65448 19 14
1 1 0 1 2 14.24798 19 14
2 3 0 0 3 16.53102 19 14
2 3 0 0 3 18.32273 19 14
2 3 0 0 3 18.56696 19 14
2 2 0 1 3 14.61595 19 14
2 3 0 0 3 18.04734 19 14
2 1 0 0 1 16.86332 19 14
2 4 0 0 4 17.24899 19 14
2 2 0 0 2 17.63615 19 14
2 3 0 0 3 18.38142 19 14
2 2 0 0 2 17.71604 19 14
2 1 0 0 1 17.51188 19 14
2 2 0 0 2 16.92987 19 14
2 5 0 0 5 16.5121 19 14
2 1 0 0 1 16.1271 19 14
2 4 0 0 4 18.63972 19 14
2 2 0 0 2 16.12618 19 14
2 2 0 0 2 17.20884 19 14
2 2 0 1 3 15.55966 19 14
1 2 0 1 3 15.83575 19 14
2 3 0 0 3 17.17646 19 14
2 1 0 0 1 18.00796 19 14
2 2 0 0 2 18.62367 19 14
2 4 0 0 4 17.30796 19 14
2 1 0 0 1 16.86332 19 14
2 1 0 0 1 16.86332 19 14
2 3 0 0 3 17.66224 19 14
2 3 0 0 3 16.2627 19 14
2 2 0 0 2 17.50658 19 14
2 1 0 1 2 14.81287 19 14
2 4 0 0 4 15.90526 19 14
2 3 0 0 3 16.33446 19 14
2 3 0 0 3 18.07231 19 14
2 5 0 0 5 17.26229 19 14
2 1 0 0 1 16.1271 19 14
2 6 0 0 6 17.20186 19 14
2 1 0 0 1 16.86332 19 14
2 2 0 0 2 17.63976 19 14
2 1 0 0 1 16.1271 19 14
2 1 0 0 1 16.1271 19 14
2 1 0 0 1 16.1271 19 14
2 1 0 0 1 16.83059 19 14
2 1 0 0 1 16.83059 19 14
2 1 0 0 1 16.1271 19 14
2 1 0 1 2 14.03396 19 14
2 4 0 0 4 17.03036 19 14
2 4 0 0 4 17.93098 19 14
2 2 0 0 2 17.75767 19 14
2 2 0 0 2 17.04772 19 14
2 1 0 0 1 16.83059 19 14
2 2 0 0 2 18.32859 19 14
2 3 0 0 3 17.13528 19 14
2 3 0 0 3 18.01576 19 14
2 3 0 0 3 17.07962 19 14
2 2 0 0 2 17.91727 19 14
2 1 0 0 1 17.13893 19 14
2 2 0 0 2 17.78312 19 14
2 2 0 0 2 18.82762 19 14
2 2 0 0 2 17.4458 19 14
2 3 0 0 3 18.05212 19 14
2 1 0 1 2 15.10584 19 14
2 2 0 0 2 17.78238 19 14
2 2 0 0 2 16.72609 19 14
2 5 0 0 5 18.45069 19 14
2 5 0 0 5 18.32835 19 14
2 2 0 0 2 17.49699 19 14
2 1 0 1 2 14.81099 19 14
2 1 0 0 1 16.1271 19 14
2 5 0 0 5 18.21547 19 14
2 1 0 1 2 14.113 19 14
2 3 0 1 4 14.11242 19 14
2 2 0 0 2 17.84095 19 14
2 2 0 0 2 17.70459 19 14
2 2 0 0 2 17.28933 19 14
2 3 0 0 3 18.35041 19 14
2 4 0 0 4 16.15892 19 14
2 5 0 0 5 18.09336 19 14
2 1 0 0 1 16.1271 19 14
2 5 0 0 5 16.94076 19 14
2 2 0 0 2 17.4393 19 14
2 2 0 0 2 17.16706 19 14
2 1 0 0 1 18.33159 19 14
2 3 0 0 3 18.69669 19 14
2 1 0 0 1 18.69425 19 14
2 3 0 0 3 17.64272 19 14
2 3 0 0 3 17.77645 19 14
2 6 0 0 6 18.10725 19 14
2 5 0 0 5 18.5126 19 14
2 3 0 0 3 18.18672 19 14
2 3 0 0 3 16.12014 19 14
2 4 0 0 4 17.62301 19 14
2 2 0 0 2 17.44949 19 14
2 3 0 0 3 17.05492 19 14
2 5 0 0 5 18.40299 19 14
2 3 0 0 3 16.71094 19 14
2 1 0 0 1 16.1271 19 14
2 4 0 0 4 18.03393 19 14
2 5 0 0 5 18.16137 19 14
2 3 0 0 3 18.10461 19 14
2 2 0 0 2 16.77033 19 14
2 5 0 0 5 16.82897 19 14
2 2 0 0 2 17.79691 19 14
2 5 0 0 5 17.79637 19 14
2 4 0 0 4 17.04865 19 14
2 1 0 1 2 14.1128 19 14
2 2 0 0 2 18.12236 19 14
2 1 0 1 2 15.97493 19 14
2 3 0 0 3 17.48395 19 14
2 1 0 0 1 16.94988 19 14
2 1 0 0 1 16.1271 19 14
2 4 0 0 4 18.41216 19 14
2 1 0 0 1 16.1271 19 14
2 3 0 0 3 17.98681 19 14
2 5 0 0 5 16.07116 19 14
2 7 0 0 7 17.99839 19 14
2 1 0 0 1 16.1271 19 14
2 1 0 0 1 16.86332 19 14
2 2 0 0 2 17.24518 19 14
2 2 0 0 2 17.54502 19 14
2 6 0 0 6 17.22162 19 14
2 1 0 0 1 16.83059 19 14
2 4 0 0 4 16.36911 19 14
2 2 0 0 2 16.07058 19 14
2 3 0 0 3 17.11954 19 14
2 2 0 0 2 18.03544 19 14
2 1 0 0 1 16.1271 19 14
2 4 0 0 4 17.41319 19 14
2 3 0 1 4 14.29029 19 14
2 2 0 0 2 17.56975 19 14
2 5 0 0 5 16.55116 19 14
2 2 0 0 2 17.53651 19 14
2 5 0 0 5 17.43769 19 14
2 3 0 0 3 18.18694 19 14
2 1 0 0 1 16.83059 19 14
2 1 0 1 2 14.63864 19 14
2 4 0 0 4 17.43522 19 14
2 2 0 0 2 15.48716 19 14
2 2 0 0 2 15.94142 19 14
2 1 0 0 1 16.83059 19 14
2 1 0 0 1 17.57043 19 14
2 5 0 0 5 15.66708 19 14
2 3 0 0 3 16.41832 19 14
2 1 0 1 2 14.36149 19 14
2 4 0 0 4 16.29097 19 14
2 2 0 0 2 17.39661 19 14
2 4 0 0 4 18.2033 19 14
2 1 0 1 2 14.99573 19 14
2 3 0 0 3 16.38702 19 14
2 2 0 0 2 18.27344 19 14
2 4 0 0 4 17.29795 19 14
2 1 0 1 2 14.04853 19 14
2 2 0 0 2 16.85601 19 14
2 3 0 0 3 15.92557 19 14
2 1 0 0 1 17.21085 19 14
2 1 0 0 1 16.94988 19 14
2 4 0 0 4 17.0179 19 14
2 3 0 0 3 17.2331 19 14
2 2 0 0 2 16.12686 19 14
2 2 0 0 2 17.37744 19 14
2 1 0 0 1 16.94988 19 14
2 3 0 0 3 17.31954 19 14
2 2 0 0 2 17.0454 19 14
2 3 0 0 3 16.95174 19 14
2 4 0 0 4 17.94349 19 14
2 3 0 0 3 17.76027 19 14
2 4 0 0 4 17.30219 19 14
2 3 0 0 3 16.59198 19 14
2 1 0 0 1 16.1271 19 14
1 3 0 1 4 14.26011 19 14
1 2 0 1 3 14.26011 19 14
2 3 0 0 3 17.76578 19 14
2 4 0 0 4 17.83775 19 14
2 6 0 0 6 17.2692 19 14
2 1 0 0 1 17.29907 19 14
2 4 0 0 4 18.655 19 14
2 3 0 0 3 16.05752 19 14
2 1 0 0 1 18.05419 19 14
2 4 0 0 4 16.92112 19 14
2 1 0 0 1 16.94988 19 14
2 3 0 0 3 17.12688 19 14
2 2 0 0 2 18.35124 19 14
2 2 0 0 2 17.59503 19 14
2 1 0 1 2 14.34023 19 14
2 2 0 0 2 17.44099 19 14
2 7 0 0 7 18.74195 19 14
2 4 0 0 4 18.3844 19 14
2 5 0 0 5 16.08216 19 14
2 4 0 0 4 16.64082 19 14
2 1 0 0 1 17.48728 19 14
2 2 0 0 2 17.2108 19 14
2 3 0 0 3 15.42643 19 14
2 4 0 0 4 18.40938 19 14
2 3 0 0 3 16.76154 19 14
2 1 0 0 1 16.83059 19 14
2 4 0 0 4 16.80732 19 14
2 3 0 0 3 15.55499 19 14
2 2 0 0 2 16.93391 19 14
2 5 0 0 5 16.08285 19 14
2 1 0 0 1 17.55847 19 14
2 5 0 0 5 17.29082 19 14
2 2 0 0 2 16.86172 19 14
2 1 0 0 1 16.1271 19 14
2 0 0 0 0 19 19 14
2 5 0 0 5 18.1458 19 14
2 5 0 0 5 17.35216 19 14
2 4 0 0 4 16.5841 19 14
2 7 0 0 7 17.47165 19 14
2 2 0 0 2 17.63432 19 14
2 2 0 0 2 15.61065 19 14
2 1 0 0 1 17.66567 19 14
2 4 0 0 4 17.78691 19 14
2 3 0 0 3 17.89732 19 14
2 2 0 0 2 16.86309 19 14
2 3 0 0 3 17.28807 19 14
2 6 0 0 6 17.74562 19 14
2 4 0 0 4 17.99699 19 14
2 1 0 0 1 17.57043 19 14
2 3 0 0 3 17.72099 19 14
2 2 0 0 2 18.66947 19 14
2 1 0 0 1 16.86332 19 14
2 1 0 1 2 14.1497 19 14
2 3 0 0 3 17.65611 19 14
2 4 0 0 4 16.01116 19 14
2 1 0 0 1 18.00796 19 14
2 3 0 0 3 16.28582 19 14
2 5 0 0 5 18.01605 19 14
2 4 0 0 4 15.02206 19 14
2 1 0 0 1 16.86332 19 14
2 2 0 0 2 16.06832 19 14
2 1 0 0 1 16.94988 19 14
2 3 0 0 3 16.7812 19 14
2 1 0 0 1 17.29907 19 14
2 2 0 0 2 17.85726 19 14
2 3 0 0 3 18.1625 19 14
2 2 0 0 2 17.49587 19 14
2 3 0 0 3 17.3503 19 14
2 2 0 0 2 14.69648 19 14
2 4 0 0 4 17.94639 19 14
2 7 0 0 7 18.33203 19 14
2 2 0 0 2 16.10089 19 14
2 4 0 0 4 17.79779 19 14
2 2 0 0 2 16.6514 19 14
2 3 0 0 3 16.70796 19 14
2 4 0 0 4 16.87609 19 14
2 1 0 0 1 16.94988 19 14
2 3 0 0 3 16.96242 19 14
2 1 0 0 1 16.1271 19 14
2 1 0 0 1 16.86332 19 14
2 5 0 0 5 16.96491 19 14
2 2 0 0 2 17.1389 19 14
2 5 0 0 5 17.60262 19 14
2 2 0 0 2 16.94987 19 14
2 5 0 0 5 17.28088 19 14
2 1 0 0 1 17.48728 19 14
2 4 0 0 4 16.88101 19 14
2 5 0 0 5 16.70246 19 14
2 1 0 0 1 16.1271 19 14
2 3 0 0 3 18.67022 19 14
2 3 0 0 3 16.93843 19 14
2 3 0 0 3 15.91149 19 14
2 3 0 0 3 18.05645 19 14
2 4 0 0 4 17.13627 19 14
2 5 0 0 5 17.81977 19 14
2 1 0 0 1 16.1271 19 14
2 2 0 0 2 16.78048 19 14
2 1 0 0 1 17.13893 19 14
2 4 0 0 4 15.95357 19 14
2 1 0 1 2 14.08083 19 14
2 2 0 0 2 16.25238 19 14
2 3 0 0 3 16.76043 19 14
2 2 0 0 2 16.83059 19 14
2 1 0 0 1 16.1271 19 14
2 3 0 0 3 17.05609 19 14
2 4 0 0 4 15.14881 19 14
2 4 0 0 4 17.06912 19 14
2 2 0 0 2 17.82574 19 14
2 2 0 0 2 17.49807 19 14
2 3 0 0 3 16.67846 19 14
2 1 0 0 1 17.29907 19 14
2 2 0 0 2 17.34294 19 14
2 1 0 0 1 16.1271 19 14
2 2 0 0 2 17.48366 19 14
2 1 0 0 1 17.51188 19 14
2 2 0 0 2 16.86245 19 14
2 2 0 0 2 17.13598 19 14
2 4 0 0 4 17.43266 19 14
2 2 0 0 2 17.18976 19 14
2 1 0 1 2 14.37746 19 14
2 2 0 0 2 16.11737 19 14
2 4 0 0 4 17.7437 19 14
2 3 0 0 3 18.19424 19 14
2 4 0 0 4 16.97843 19 14
2 4 0 0 4 18.66708 19 14
2 4 0 0 4 16.57269 19 14
2 5 0 0 5 17.8478 19 14
2 1 0 0 1 16.94988 19 14
2 4 0 0 4 17.235 19 14
2 2 0 0 2 17.55353 19 14
2 5 0 0 5 18.08543 19 14
2 3 0 0 3 17.32915 19 14
2 4 0 0 4 15.8087 19 14
2 2 0 0 2 17.19288 19 14
2 6 0 0 6 17.35358 19 14
2 6 0 0 6 18.6402 19 14
2 5 0 0 5 17.05156 19 14
2 1 0 0 1 17.44607 19 14
2 3 0 0 3 18.0814 19 14
2 1 0 0 1 16.94988 19 14
2 3 0 0 3 17.97649 19 14
2 1 0 0 1 16.94988 19 14
2 1 0 0 1 17.44607 19 14
2 4 0 0 4 17.07181 19 14
2 1 0 1 2 14.14754 19 14
2 4 0 0 4 17.71607 19 14
2 4 0 0 4 17.95185 19 14
2 1 0 0 1 17.44607 19 14
2 5 0 0 5 16.44827 19 14
2 5 0 0 5 18.08689 19 14
2 7 0 0 7 17.53524 19 14
2 1 0 1 2 14.62042 19 14
2 1 0 0 1 16.86332 19 14
2 3 0 0 3 16.79717 19 14
2 2 0 0 2 16.59121 19 14
2 6 0 0 6 18.38408 19 14
2 1 0 0 1 17.13893 19 14
2 3 0 0 3 17.50376 19 14
2 1 0 0 1 16.83059 19 14
2 1 0 0 1 16.1271 19 14
2 6 0 0 6 17.23517 19 14
2 3 0 0 3 16.37961 19 14
2 4 0 0 4 17.87099 19 14
2 2 0 0 2 17.67109 19 14
2 1 0 0 1 17.5768 19 14
2 4 0 0 4 17.26851 19 14
2 3 0 0 3 17.75604 19 14
2 6 0 0 6 17.65292 19 14
2 1 0 0 1 16.83059 19 14
2 1 0 1 2 14.77263 19 14
2 4 0 0 4 16.91469 19 14
2 4 0 0 4 18.21963 19 14
2 4 0 0 4 17.82418 19 14
2 5 0 0 5 17.54416 19 14
2 1 0 1 2 14.19256 19 14
2 1 0 0 1 16.86332 19 14
2 2 0 0 2 16.79918 19 14
2 4 0 0 4 17.92483 19 14
2 3 0 0 3 17.60994 19 14
2 4 0 0 4 17.33017 19 14
2 6 0 0 6 17.57725 19 14
2 3 0 0 3 17.31572 19 14
2 2 0 0 2 16.94681 19 14
2 5 0 0 5 18.17034 19 14
2 1 0 0 1 17.5768 19 14
2 1 0 0 1 17.81485 19 14
2 7 0 0 7 17.82627 19 14
2 4 0 0 4 16.98726 19 14
2 3 0 0 3 16.03906 19 14
2 1 0 0 1 17.13893 19 14
2 4 0 0 4 17.08004 19 14
2 2 0 0 2 17.1802 19 14
2 1 0 0 1 16.86332 19 14
2 2 0 1 3 14.11345 19 14
2 5 0 0 5 16.72148 19 14
2 2 0 0 2 16.71778 19 14
2 1 0 0 1 16.1271 19 14
2 4 0 0 4 16.19806 19 14
2 4 0 0 4 18.11665 19 14
2 4 0 0 4 17.99343 19 14
2 3 0 0 3 17.92834 19 14
2 1 0 0 1 18.25969 19 14
2 2 0 0 2 17.50877 19 14
2 5 0 0 5 18.22221 19 14
2 7 0 0 7 18.20279 19 14
2 1 0 0 1 17.44607 19 14
2 6 0 0 6 17.41428 19 14
2 6 0 0 6 18.35895 19 14
2 6 0 0 6 17.53128 19 14
2 3 0 0 3 17.0298 19 14
2 5 0 0 5 18.03726 19 14
2 3 0 0 3 17.48517 19 14
2 3 0 0 3 17.26193 19 14
2 4 0 0 4 16.9618 19 14
2 2 0 0 2 17.62843 19 14
2 9 0 0 9 18.11886 19 14
2 3 0 0 3 18.15229 19 14
2 3 0 0 3 16.12814 19 14
2 2 0 0 2 18.33159 19 14
2 3 0 0 3 15.90082 19 14
2 4 0 0 4 18.18638 19 14
2 3 0 0 3 17.43037 19 14
2 3 0 0 3 17.33377 19 14
2 4 0 0 4 16.6337 19 14
2 5 0 0 5 17.39135 19 14
2 5 0 0 5 18.14613 19 14
2 5 0 0 5 17.32554 19 14
2 4 0 0 4 18.82092 19 14
2 2 0 0 2 17.52343 19 14
2 5 0 0 5 18.14526 19 14
2 3 0 0 3 17.55644 19 14
2 2 0 0 2 18.30082 19 14
2 1 0 0 1 18.25375 19 14
2 5 0 0 5 18.33265 19 14
2 2 0 0 2 16.87011 19 14
2 4 0 0 4 18.16594 19 14
2 6 0 0 6 17.16848 19 14
2 2 0 1 3 14.74164 19 14
1 2 0 1 3 14.92294 19 14
2 2 0 0 2 18.99977 19 14
1 3 0 1 4 15.48987 19 14
1 2 0 1 3 15.48987 19 14
1 1 0 1 2 15.48987 19 14
2 5 0 0 5 17.54586 19 14
2 4 0 0 4 18.2422 19 14
2 1 0 0 1 17.29907 19 14
2 2 0 0 2 17.78546 19 14
2 4 0 0 4 18.36174 19 14
2 1 0 1 2 15.11601 19 14
2 4 0 0 4 18.54842 19 14
2 4 0 0 4 17.84083 19 14
2 2 0 0 2 18.02168 19 14
2 3 0 0 3 18.19451 19 14
2 3 0 0 3 17.40511 19 14
2 3 0 0 3 15.93212 19 14
2 5 0 0 5 16.58296 19 14
2 4 0 0 4 17.67556 19 14
2 1 0 0 1 16.83059 19 14
2 3 0 0 3 18.56399 19 14
2 3 0 0 3 17.75981 19 14
2 5 0 0 5 16.95603 19 14
2 2 0 0 2 18.05365 19 14
2 1 0 0 1 16.83059 19 14
2 5 0 0 5 17.61699 19 14
2 1 0 0 1 18.34651 19 14
2 1 0 0 1 17.87506 19 14
2 4 0 0 4 17.59722 19 14
2 3 0 0 3 16.71282 19 14
2 2 0 0 2 18.5998 19 14
2 4 0 1 5 14.3736 19 14
2 7 0 0 7 16.54531 19 14
2 2 0 0 2 17.09083 19 14
2 2 0 0 2 18.3443 19 14
2 3 0 0 3 15.42383 19 14
2 6 0 0 6 17.59928 19 14
2 3 0 0 3 17.86718 19 14
2 3 0 0 3 17.88018 19 14
2 2 0 0 2 18.58568 19 14
2 4 0 0 4 17.44642 19 14
2 2 0 0 2 16.43503 19 14
2 6 0 0 6 17.42138 19 14
2 2 0 0 2 18.81547 19 14
2 5 0 0 5 16.6004 19 14
2 3 0 0 3 17.26571 19 14
2 1 0 0 1 18.25969 19 14
2 1 0 0 1 16.1271 19 14
2 1 0 0 1 16.1271 19 14
2 2 0 0 2 17.68015 19 14
2 4 0 0 4 16.80522 19 14
2 1 0 0 1 17.55847 19 14
2 7 0 0 7 17.35716 19 14
2 2 0 0 2 17.29262 19 14
2 4 0 0 4 17.9229 19 14
2 1 0 0 1 16.94988 19 14
2 3 0 0 3 17.77379 19 14
2 1 0 1 2 14.12457 19 14
2 6 0 0 6 17.28899 19 14
2 1 0 0 1 16.1271 19 14
2 1 0 0 1 17.5768 19 14
2 2 0 0 2 18.15097 19 14
2 5 0 0 5 18.13519 19 14
2 3 0 0 3 15.05301 19 14
2 3 0 0 3 17.86295 19 14
2 4 0 0 4 18.1797 19 14
2 5 0 0 5 17.39332 19 14
2 2 0 0 2 18.04552 19 14
2 1 0 0 1 16.1271 19 14
2 2 0 0 2 17.29032 19 14
2 2 0 0 2 16.76245 19 14
2 1 0 0 1 16.83059 19 14
2 1 0 1 2 14.09687 19 14
2 3 0 0 3 18.39852 19 14
2 3 0 0 3 18.56905 19 14
2 5 0 0 5 18.09908 19 14
2 2 0 0 2 14.91058 19 14
2 3 0 0 3 16.33437 19 14
2 2 0 0 2 16.92874 19 14
2 1 0 0 1 17.84819 19 14
2 2 0 0 2 16.64422 19 14
2 3 0 0 3 18.00218 19 14
2 2 0 0 2 16.99063 19 14
2 3 0 0 3 15.88278 19 14
2 1 0 0 1 16.1271 19 14
2 4 0 0 4 16.67349 19 14
2 5 0 0 5 17.21379 19 14
2 1 0 1 2 14.21705 19 14
2 4 0 0 4 18.73017 19 14
2 5 0 0 5 18.10293 19 14
2 5 0 0 5 17.07813 19 14
2 4 0 0 4 16.58954 19 14
2 1 0 1 2 14.99561 19 14
2 1 0 1 2 14.7674 19 14
2 1 0 0 1 16.83059 19 14
2 5 0 0 5 16.33648 19 14
2 7 0 0 7 18.3295 19 14
2 2 0 0 2 18.23078 19 14
2 1 0 0 1 16.83059 19 14
2 5 0 0 5 17.67545 19 14
2 1 0 0 1 17.85727 19 14
2 2 0 0 2 18.95035 19 14
2 2 0 0 2 18.91917 19 14
2 2 0 0 2 17.52796 19 14
2 1 0 0 1 16.94988 19 14
2 1 0 0 1 16.1271 19 14
2 3 0 0 3 18.5598 19 14
2 1 0 0 1 17.21085 19 14
2 2 0 0 2 17.1542 19 14
2 1 0 0 1 16.94988 19 14
2 2 0 1 3 14.02614 19 14
2 4 0 0 4 18.76095 19 14
2 2 0 0 2 17.16094 19 14
2 5 0 0 5 18.27533 19 14
2 4 0 0 4 18.23968 19 14
2 1 0 1 2 14.80438 19 14
2 1 0 0 1 17.51188 19 14
2 3 0 0 3 17.81475 19 14
2 2 0 0 2 16.88779 19 14
2 4 0 0 4 18.55284 19 14
2 3 0 0 3 16.49205 19 14
2 7 0 0 7 18.21137 19 14
2 4 0 0 4 18.35276 19 14
2 3 0 0 3 17.54692 19 14
2 2 0 0 2 16.10086 19 14
2 3 0 1 4 14.19953 19 14
2 4 0 0 4 17.51647 19 14
2 3 0 0 3 17.26736 19 14
2 3 0 0 3 17.07427 19 14
2 1 0 0 1 16.83059 19 14
2 3 0 0 3 17.84568 19 14
2 6 0 0 6 16.82566 19 14
2 3 0 0 3 18.51261 19 14
2 2 0 0 2 16.93418 19 14
2 2 0 0 2 17.42276 19 14
2 1 0 0 1 17.29907 19 14
2 2 0 1 3 14.43742 19 14
2 3 0 0 3 17.99621 19 14
2 2 0 0 2 14.42472 19 14
2 5 0 0 5 17.77984 19 14
2 4 0 0 4 17.30694 19 14
2 1 0 1 2 14.06062 19 14
2 2 0 0 2 16.09944 19 14
2 1 0 0 1 16.94988 19 14
2 3 0 0 3 17.12338 19 14
2 4 0 0 4 17.03715 19 14
2 4 0 0 4 16.31724 19 14
2 5 0 0 5 17.12231 19 14
2 4 0 0 4 18.12342 19 14
2 5 0 0 5 18.22903 19 14
2 3 0 0 3 17.89633 19 14
2 4 0 0 4 17.76017 19 14
2 4 0 0 4 16.97041 19 14
2 2 0 0 2 16.12703 19 14
2 6 0 0 6 18.46942 19 14
2 1 0 1 2 14.88518 19 14
2 2 0 0 2 17.33749 19 14
2 3 0 0 3 17.66942 19 14
2 7 0 0 7 17.73847 19 14
2 4 0 0 4 17.33588 19 14
2 3 0 0 3 16.33391 19 14
2 5 0 0 5 18.17839 19 14
2 4 0 0 4 18.51951 19 14
2 4 0 0 4 17.17289 19 14
2 3 0 0 3 16.10323 19 14
2 1 0 1 2 14.04054 19 14
1 1 0 1 2 14.55396 19 14
2 3 0 0 3 16.09667 19 14
2 3 0 0 3 17.08224 19 14
2 4 0 0 4 16.13496 19 14
2 2 0 0 2 17.47299 19 14
2 2 0 0 2 16.81278 19 14
2 1 0 0 1 17.57043 19 14
2 1 0 1 2 14.00594 19 14
2 2 0 0 2 16.76811 19 14
2 4 0 0 4 18.42111 19 14
2 1 0 0 1 16.86332 19 14
2 3 0 0 3 16.06129 19 14
2 2 0 0 2 17.61529 19 14
2 2 0 0 2 17.04199 19 14
2 3 0 0 3 17.35807 19 14
2 2 0 0 2 17.17942 19 14
2 7 0 0 7 17.44406 19 14
2 3 0 0 3 17.18858 19 14
2 2 0 0 2 18.80658 19 14
2 1 0 0 1 16.83059 19 14
2 3 0 0 3 17.84088 19 14
2 2 0 0 2 17.18554 19 14
2 4 0 0 4 17.80049 19 14
2 1 0 1 2 14.19176 19 14
2 1 0 0 1 16.1271 19 14
2 2 0 0 2 17.78813 19 14
2 2 0 0 2 17.63244 19 14
2 1 0 0 1 16.1271 19 14
2 4 0 0 4 16.95774 19 14
2 1 0 0 1 16.94988 19 14
2 1 0 0 1 17.44607 19 14
2 2 0 0 2 16.50341 19 14
2 0 0 0 0 19 19 14
2 6 0 0 6 17.75949 19 14
2 3 0 0 3 17.35506 19 14
2 2 0 0 2 17.17084 19 14
2 3 0 0 3 17.0781 19 14
2 1 0 0 1 17.44607 19 14
2 2 0 0 2 16.48549 19 14
2 2 0 1 3 14.17202 19 14
1 2 0 1 3 14.03328 19 14
2 4 0 0 4 17.69506 19 14
2 2 0 0 2 16.94938 19 14
2 2 0 0 2 16.82913 19 14
2 3 0 0 3 16.95921 19 14
2 1 0 1 2 14.57124 19 14
2 1 0 0 1 18.42744 19 14
2 1 0 0 1 17.51188 19 14
2 3 0 0 3 18.1585 19 14
2 1 0 1 2 14.59458 19 14
2 1 0 1 2 14.33466 19 14
2 4 0 0 4 16.22013 19 14
2 3 0 0 3 17.07414 19 14
2 6 0 0 6 17.51176 19 14
2 1 0 0 1 16.94988 19 14
2 1 0 0 1 16.1271 19 14
2 2 0 0 2 17.08449 19 14
2 1 0 0 1 16.94988 19 14
2 4 0 0 4 18.27487 19 14
2 4 0 0 4 18.38547 19 14
2 3 0 0 3 17.83354 19 14
2 2 0 0 2 16.86315 19 14
2 7 0 0 7 17.34443 19 14
2 3 0 0 3 16.16568 19 14
2 1 0 0 1 17.6505 19 14
2 1 0 0 1 16.94988 19 14
2 2 0 0 2 17.0482 19 14
2 2 0 0 2 16.88041 19 14
2 2 0 0 2 16.84491 19 14
2 1 0 0 1 16.1271 19 14
2 4 0 0 4 17.379 19 14
2 2 0 1 3 14.62868 19 14
2 2 0 0 2 17.39412 19 14
2 4 0 0 4 18.33735 19 14
2 2 0 0 2 16.09741 19 14
2 2 0 0 2 16.08615 19 14
2 2 0 0 2 17.66408 19 14
2 1 0 0 1 17.78944 19 14
2 1 0 0 1 16.1271 19 14
2 2 0 0 2 18.39577 19 14
2 3 0 0 3 17.5582 19 14
2 2 0 0 2 16.1819 19 14
2 1 0 0 1 16.1271 19 14
2 1 0 1 2 14.02988 19 14
2 7 0 0 7 17.54259 19 14
2 2 0 0 2 17.72618 19 14
2 7 0 0 7 17.90336 19 14
2 2 0 0 2 18.35413 19 14
2 3 0 0 3 14.98613 19 14
2 2 0 0 2 18.59833 19 14
2 3 0 0 3 16.56196 19 14
2 2 0 0 2 16.84095 19 14
2 2 0 0 2 17.10184 19 14
2 4 0 0 4 17.39178 19 14
2 1 0 0 1 16.83059 19 14
2 3 0 0 3 18.27901 19 14
2 2 0 0 2 17.53214 19 14
2 4 0 0 4 17.81966 19 14
2 4 0 0 4 16.39601 19 14
2 2 0 0 2 17.43325 19 14
2 3 0 0 3 17.63406 19 14
2 3 0 0 3 18.94656 19 14
2 2 0 0 2 16.12218 19 14
2 2 0 0 2 16.76462 19 14
2 2 0 0 2 17.1208 19 14
2 5 0 0 5 18.45271 19 14
2 1 0 0 1 16.94988 19 14
2 2 0 0 2 17.11835 19 14
2 4 0 0 4 15.38843 19 14
2 1 0 1 2 14.18723 19 14
2 5 0 0 5 17.7476 19 14
2 4 0 0 4 18.40954 19 14
2 5 0 0 5 15.38967 19 14
2 5 0 0 5 17.58511 19 14
2 1 0 0 1 17.57043 19 14
2 1 0 1 2 14.17107 19 14
2 1 0 0 1 16.1271 19 14
2 4 0 0 4 17.56333 19 14
2 5 0 0 5 17.24339 19 14
2 5 0 0 5 18.13856 19 14
2 6 0 0 6 16.98021 19 14
2 2 0 0 2 17.78883 19 14
2 3 0 0 3 18.10066 19 14
2 2 0 0 2 18.03581 19 14
2 1 0 0 1 16.1271 19 14
2 2 0 0 2 17.7822 19 14
2 3 0 0 3 18.16293 19 14
2 2 0 0 2 17.03258 19 14
2 3 0 0 3 18.26098 19 14
2 1 0 1 2 14.41223 19 14
2 3 0 0 3 17.50581 19 14
2 5 0 0 5 18.46533 19 14
2 3 0 0 3 18.20825 19 14
2 2 0 1 3 14.43644 19 14
2 4 0 0 4 18.03261 19 14
2 4 0 0 4 18.25248 19 14
2 2 0 0 2 18.06295 19 14
2 3 0 0 3 17.50633 19 14
2 1 0 0 1 17.13893 19 14
2 1 0 1 2 14.34283 19 14
2 1 0 1 2 14.21567 19 14
2 1 0 0 1 16.1271 19 14
2 2 0 0 2 18.05589 19 14
2 2 0 0 2 17.59861 19 14
2 2 0 0 2 18.07552 19 14
2 5 0 0 5 17.98307 19 14
2 1 0 0 1 17.51188 19 14
2 3 0 0 3 17.01047 19 14
2 1 0 1 2 14.23211 19 14
2 1 0 0 1 17.13893 19 14
2 3 0 0 3 18.28278 19 14
2 1 0 0 1 16.83059 19 14
2 5 0 0 5 17.38624 19 14
2 1 0 0 1 17.21085 19 14
2 4 0 0 4 17.47948 19 14
2 1 0 0 1 17.6505 19 14
2 4 0 0 4 17.46257 19 14
2 2 0 0 2 17.02733 19 14
2 1 0 0 1 17.6505 19 14
2 2 0 0 2 17.66555 19 14
2 1 0 0 1 16.1271 19 14
2 1 0 0 1 16.1271 19 14
2 6 0 0 6 17.5059 19 14
2 2 0 0 2 17.66547 19 14
2 3 0 0 3 16.50569 19 14
2 4 0 0 4 18.87004 19 14
2 2 0 0 2 16.81393 19 14
2 2 0 1 3 14.13065 19 14
2 1 0 0 1 16.1271 19 14
2 5 0 0 5 18.39351 19 14
2 5 0 0 5 17.79435 19 14
2 1 0 0 1 17.78944 19 14
2 1 0 0 1 16.94988 19 14
2 2 0 0 2 16.63288 19 14
2 3 0 0 3 16.74208 19 14
2 5 0 0 5 18.88388 19 14
2 5 0 0 5 17.11447 19 14
2 2 0 0 2 18.3519 19 14
2 3 0 0 3 17.29014 19 14
2 2 0 0 2 17.10355 19 14
2 2 0 0 2 17.02679 19 14
2 1 0 0 1 16.1271 19 14
2 4 0 0 4 18.91803 19 14
2 1 0 1 2 14.41474 19 14
2 3 0 0 3 14.62178 19 14
2 2 0 0 2 18.69511 19 14
2 5 0 0 5 16.96331 19 14
2 2 0 0 2 18.14774 19 14
2 2 0 0 2 16.07115 19 14
2 3 0 0 3 17.52388 19 14
2 2 0 0 2 16.01469 19 14
2 1 0 0 1 16.86332 19 14
2 4 0 0 4 17.07393 19 14
2 2 0 0 2 17.04018 19 14
2 2 0 0 2 16.84809 19 14
2 3 0 0 3 17.45385 19 14
2 1 0 0 1 17.57043 19 14
2 2 0 0 2 15.855 19 14
2 3 0 0 3 18.66333 19 14
2 2 0 0 2 16.44243 19 14
2 2 0 0 2 16.12634 19 14
2 1 0 0 1 17.29907 19 14
2 2 0 0 2 17.64894 19 14
2 4 0 0 4 18.60456 19 14
2 2 0 0 2 16.26737 19 14
2 3 0 0 3 16.71294 19 14
2 3 0 0 3 17.51137 19 14
2 4 0 0 4 17.83542 19 14
2 2 0 0 2 16.9497 19 14
2 2 0 0 2 17.23555 19 14
2 2 0 0 2 18.33115 19 14
2 3 0 0 3 16.93959 19 14
2 5 0 0 5 17.46851 19 14
2 2 0 0 2 16.81501 19 14
2 4 0 0 4 16.3291 19 14
2 2 0 0 2 16.932 19 14
2 1 0 0 1 16.83059 19 14
2 5 0 0 5 17.28829 19 14
2 3 0 0 3 16.72696 19 14
2 3 0 0 3 16.83966 19 14
2 2 0 0 2 16.8584 19 14
2 2 0 0 2 18.36959 19 14
2 3 0 0 3 17.96785 19 14
2 3 0 0 3 17.32748 19 14
2 1 0 1 2 14.12968 19 14
2 2 0 0 2 17.12908 19 14
2 2 0 0 2 18.30313 19 14
2 3 0 0 3 18.26635 19 14
2 2 0 0 2 16.12538 19 14
2 3 0 0 3 17.41224 19 14
2 2 0 0 2 15.98114 19 14
2 5 0 0 5 16.86116 19 14
2 3 0 0 3 16.78433 19 14
2 2 0 0 2 16.74832 19 14
2 2 0 1 3 15.13398 19 14
2 3 0 0 3 18.11513 19 14
2 2 0 0 2 14.11666 19 14
2 3 0 0 3 18.69813 19 14
2 1 0 0 1 16.1271 19 14
2 1 0 0 1 17.51188 19 14
2 3 0 0 3 16.77692 19 14
2 3 0 0 3 16.82768 19 14
2 4 0 0 4 16.63889 19 14
2 2 0 0 2 16.64988 19 14
2 3 0 0 3 18.64467 19 14
2 3 0 0 3 17.57046 19 14
2 4 0 0 4 18.05656 19 14
2 2 0 0 2 16.96095 19 14
2 1 0 1 2 14.01631 19 14
2 1 0 0 1 17.66567 19 14
2 5 0 0 5 17.93457 19 14
2 5 0 0 5 18.8778 19 14
2 5 0 0 5 17.67869 19 14
2 1 0 0 1 16.1271 19 14
2 3 0 0 3 18.05418 19 14
2 3 0 0 3 16.79332 19 14
2 2 0 0 2 16.3902 19 14
2 2 0 0 2 17.05879 19 14
2 1 0 0 1 16.94988 19 14
2 3 0 0 3 16.44121 19 14
2 2 0 0 2 17.60074 19 14
2 3 0 0 3 17.08188 19 14
2 2 0 0 2 16.23521 19 14
2 2 0 0 2 15.75426 19 14
2 1 0 0 1 16.83059 19 14
2 1 0 1 2 14.23007 19 14
2 1 0 0 1 17.13893 19 14
2 3 0 0 3 16.38203 19 14
2 5 0 0 5 18.29887 19 14
2 2 0 0 2 18.3399 19 14
2 1 0 0 1 16.94988 19 14
2 2 0 0 2 18.16259 19 14
2 4 0 0 4 16.86188 19 14
2 2 0 0 2 18.52781 19 14
2 3 0 0 3 17.21189 19 14
2 4 0 0 4 17.18434 19 14
2 1 0 0 1 16.94988 19 14
2 5 0 0 5 18.72027 19 14
2 1 0 0 1 17.55847 19 14
2 4 0 0 4 16.87809 19 14
2 5 0 0 5 17.43724 19 14
2 3 0 0 3 16.08367 19 14
2 3 0 0 3 16.96523 19 14
2 2 0 0 2 17.20939 19 14
2 4 0 0 4 17.0596 19 14
2 4 0 0 4 18.57662 19 14
2 3 0 0 3 17.61175 19 14
2 2 0 0 2 17.13888 19 14
2 2 0 0 2 17.94039 19 14
2 5 0 0 5 17.85907 19 14
2 2 0 1 3 14.18057 19 14
2 2 0 0 2 16.58222 19 14
2 2 0 0 2 17.44801 19 14
2 1 0 0 1 16.86332 19 14
2 4 0 0 4 17.27647 19 14
2 3 0 0 3 16.58983 19 14
2 2 0 0 2 17.50478 19 14
2 4 0 0 4 17.48395 19 14
2 3 0 0 3 16.69213 19 14
2 3 0 0 3 17.98781 19 14
2 1 0 0 1 16.86332 19 14
2 5 0 0 5 17.22477 19 14
2 3 0 0 3 17.64354 19 14
2 1 0 0 1 17.21085 19 14
2 2 0 0 2 17.39764 19 14
2 3 0 0 3 16.82448 19 14
2 2 0 0 2 17.94636 19 14
2 1 0 0 1 16.1271 19 14
2 6 0 0 6 18.73882 19 14
2 5 0 0 5 16.84409 19 14
2 4 0 0 4 18.41866 19 14
2 3 0 0 3 17.87464 19 14
2 1 0 1 2 14.72399 19 14
2 1 0 0 1 16.83059 19 14
2 1 0 0 1 16.94988 19 14
2 4 0 0 4 17.0175 19 14
2 5 0 0 5 15.86478 19 14
2 4 0 0 4 16.61722 19 14
2 2 0 0 2 18.35695 19 14
2 3 0 0 3 18.02271 19 14
2 2 0 0 2 17.26888 19 14
2 5 0 0 5 17.83169 19 14
2 1 0 0 1 16.83059 19 14
2 4 0 0 4 17.21222 19 14
2 4 0 0 4 15.53177 19 14
2 3 0 0 3 16.35552 19 14
2 1 0 0 1 17.6505 19 14
2 1 0 1 2 14.02891 19 14
2 5 0 0 5 18.20039 19 14
2 4 0 0 4 16.81446 19 14
2 2 0 0 2 17.36685 19 14
2 1 0 0 1 18.98185 19 14
2 3 0 0 3 17.50497 19 14
2 6 0 0 6 18.23995 19 14
2 6 0 0 6 17.32304 19 14
2 4 0 0 4 18.12071 19 14
2 4 0 0 4 16.42452 19 14
2 1 0 0 1 18.99453 19 14
2 4 0 0 4 17.77494 19 14
2 2 0 0 2 16.12705 19 14
2 5 0 0 5 16.77874 19 14
2 5 0 0 5 16.85589 19 14
2 1 0 0 1 17.48728 19 14
2 4 0 0 4 18.43078 19 14
2 2 0 0 2 17.67306 19 14
2 2 0 0 2 16.99749 19 14
2 2 0 0 2 14.92292 19 14
2 2 0 0 2 18.62493 19 14
2 2 0 0 2 17.34164 19 14
2 1 0 1 2 14.53374 19 14
2 2 0 0 2 17.84784 19 14
2 5 0 0 5 18.52111 19 14
2 2 0 0 2 17.28416 19 14
2 2 0 0 2 16.81487 19 14
2 1 0 0 1 16.1271 19 14
2 2 0 0 2 18.63232 19 14
2 2 0 1 3 15.2092 19 14
2 1 0 0 1 16.83059 19 14
2 2 0 0 2 17.97298 19 14
2 1 0 0 1 17.13893 19 14
2 4 0 0 4 15.88303 19 14
2 5 0 0 5 17.68648 19 14
2 2 0 0 2 16.43985 19 14
2 1 0 0 1 18.20658 19 14
2 1 0 1 2 14.15586 19 14
2 1 0 0 1 16.83059 19 14
2 1 0 0 1 16.1271 19 14
2 3 0 0 3 17.33346 19 14
2 1 0 0 1 17.13893 19 14
2 1 0 0 1 16.83059 19 14
2 5 0 0 5 17.88784 19 14
2 4 0 0 4 17.03721 19 14
2 1 0 0 1 17.87506 19 14
2 1 0 0 1 17.21085 19 14
2 1 0 0 1 16.94988 19 14
2 9 0 0 9 18.00009 19 14
2 1 0 1 2 14.06341 19 14
2 1 0 0 1 16.86332 19 14
2 1 0 0 1 17.21085 19 14
2 2 0 0 2 17.77342 19 14
2 3 0 0 3 18.19892 19 14
2 4 0 0 4 17.46292 19 14
2 1 0 1 2 14.01916 19 14
2 1 0 1 2 14.82284 19 14
2 5 0 0 5 17.56495 19 14
2 5 0 0 5 18.1254 19 14
2 3 0 0 3 17.13014 19 14
2 3 0 0 3 16.07606 19 14
2 3 0 0 3 15.95883 19 14
2 1 0 1 2 14.2875 19 14
2 3 0 0 3 18.40875 19 14
2 2 0 0 2 17.66418 19 14
2 2 0 0 2 16.91758 19 14
2 3 0 0 3 16.70805 19 14
2 4 0 0 4 17.02658 19 14
2 1 0 0 1 16.1271 19 14
2 3 0 0 3 16.68957 19 14
2 4 0 0 4 17.74571 19 14
2 2 0 0 2 17.44463 19 14
2 2 0 1 3 14.44713 19 14
2 2 0 0 2 18.01311 19 14
2 4 0 0 4 17.10202 19 14
2 3 0 0 3 16.28051 19 14
2 2 0 0 2 16.61936 19 14
2 2 0 0 2 16.04551 19 14
2 4 0 0 4 17.25033 19 14
2 4 0 0 4 17.6443 19 14
2 1 0 0 1 16.86332 19 14
2 2 0 0 2 16.11371 19 14
2 2 0 0 2 17.79274 19 14
2 6 0 0 6 17.5854 19 14
2 1 0 0 1 17.87506 19 14
2 4 0 0 4 15.39692 19 14
2 3 0 0 3 17.56024 19 14
2 3 0 0 3 17.48702 19 14
2 4 0 0 4 17.97067 19 14
2 4 0 0 4 17.17474 19 14
2 1 0 0 1 18.27704 19 14
2 4 0 0 4 17.36611 19 14
2 2 0 0 2 16.72406 19 14
2 1 0 0 1 17.66567 19 14
2 4 0 0 4 17.12492 19 14
2 4 0 0 4 16.99866 19 14
2 1 0 0 1 17.66567 19 14
2 5 0 0 5 17.69944 19 14
2 4 0 0 4 17.97824 19 14
2 5 0 0 5 17.08926 19 14
2 4 0 0 4 15.30267 19 14
2 5 0 0 5 18.2754 19 14
2 4 0 0 4 17.07161 19 14
2 3 0 0 3 17.86658 19 14
2 4 0 0 4 18.58018 19 14
2 3 0 0 3 16.57534 19 14
2 4 0 0 4 15.8668 19 14
2 3 0 0 3 17.02843 19 14
2 2 0 0 2 15.87477 19 14
2 6 0 0 6 17.30303 19 14
2 3 0 0 3 18.95136 19 14
2 2 0 0 2 16.29196 19 14
2 1 0 1 2 14.27305 19 14
2 3 0 0 3 17.05199 19 14
2 4 0 0 4 17.53075 19 14
2 3 0 0 3 15.90431 19 14
2 4 0 0 4 18.22188 19 14
2 3 0 0 3 16.45661 19 14
2 2 0 0 2 15.7771 19 14
2 3 0 0 3 16.70074 19 14
2 3 0 0 3 17.51295 19 14
2 5 0 0 5 17.6713 19 14
2 2 0 0 2 16.09944 19 14
2 4 0 0 4 18.20153 19 14
2 2 0 0 2 15.96904 19 14
2 4 0 0 4 18.54481 19 14
2 3 0 0 3 16.4565 19 14
2 3 0 0 3 17.2732 19 14
2 1 0 0 1 18.09219 19 14
2 3 0 0 3 15.32725 19 14
2 2 0 0 2 17.32505 19 14
2 1 0 0 1 16.1271 19 14
2 4 0 0 4 16.3662 19 14
2 3 0 0 3 18.3745 19 14
2 2 0 0 2 17.18281 19 14
2 3 0 0 3 16.41503 19 14
2 5 0 0 5 17.16525 19 14
2 3 0 0 3 18.75568 19 14
2 3 0 0 3 17.33771 19 14
2 6 0 0 6 17.65991 19 14
2 2 0 0 2 17.60351 19 14
2 3 0 0 3 16.02846 19 14
2 3 0 0 3 16.06289 19 14
2 3 0 0 3 17.30004 19 14
2 2 0 0 2 17.41708 19 14
2 1 0 0 1 18.41042 19 14
2 2 0 0 2 18.48067 19 14
2 6 0 0 6 18.04464 19 14
2 4 0 0 4 17.46324 19 14
2 2 0 0 2 16.78543 19 14
2 2 0 0 2 17.37719 19 14
2 1 0 0 1 16.1271 19 14
2 1 0 0 1 16.1271 19 14
2 4 0 0 4 17.51903 19 14
2 2 0 0 2 17.50882 19 14
2 3 0 0 3 17.36272 19 14
2 4 0 0 4 18.48574 19 14
2 1 0 0 1 17.29907 19 14
2 1 0 1 2 14.03828 19 14
2 2 0 0 2 18.93397 19 14
2 2 0 0 2 16.81696 19 14
2 3 0 0 3 16.33905 19 14
2 1 0 0 1 16.94988 19 14
2 3 0 0 3 15.87912 19 14
2 3 0 0 3 18.55244 19 14
2 2 0 0 2 16.81148 19 14
2 2 0 0 2 16.81655 19 14
2 1 0 0 1 17.21085 19 14
2 5 0 0 5 17.64902 19 14
2 6 0 0 6 18.67326 19 14
2 1 0 0 1 16.94988 19 14
2 7 0 0 7 17.75593 19 14
2 3 0 0 3 17.99516 19 14
2 3 0 0 3 16.93604 19 14
2 1 0 1 2 14.0445 19 14
2 3 0 0 3 16.78446 19 14
2 2 0 0 2 16.10922 19 14
2 1 0 0 1 17.13893 19 14
2 4 0 0 4 18.61151 19 14
2 1 0 1 2 14.35349 19 14
2 1 0 0 1 16.86332 19 14
2 2 0 0 2 17.78969 19 14
2 2 0 0 2 16.87335 19 14
2 3 0 1 4 14.04024 19 14
2 4 0 0 4 17.34501 19 14
2 3 0 0 3 17.98451 19 14
2 1 0 0 1 17.87506 19 14
2 1 0 0 1 16.1271 19 14
2 3 0 0 3 17.03332 19 14
2 6 0 0 6 17.93892 19 14
2 3 0 0 3 17.72873 19 14
2 2 0 0 2 16.8459 19 14
2 1 0 1 2 14.23431 19 14
2 2 0 0 2 17.95564 19 14
2 1 0 1 2 14.03882 19 14
2 1 0 0 1 16.1271 19 14
2 4 0 0 4 16.71675 19 14
2 3 0 0 3 17.48297 19 14
2 1 0 0 1 16.86332 19 14
2 5 0 0 5 14.35802 19 14
2 5 0 0 5 17.26326 19 14
2 5 0 0 5 17.44247 19 14
2 2 0 1 3 14.78103 19 14
2 4 0 0 4 18.76864 19 14
2 5 0 0 5 17.06753 19 14
2 7 0 0 7 17.67683 19 14
2 3 0 0 3 16.53566 19 14
2 3 0 0 3 16.90779 19 14
2 2 0 0 2 17.41668 19 14
2 2 0 0 2 16.49039 19 14
2 4 0 0 4 18.35609 19 14
2 1 0 1 2 14.88818 19 14
2 3 0 0 3 17.11377 19 14
2 2 0 0 2 17.47736 19 14
2 2 0 0 2 18.33127 19 14
2 4 0 0 4 17.01893 19 14
2 5 0 0 5 18.36372 19 14
2 2 0 0 2 16.20825 19 14
2 5 0 0 5 18.77289 19 14
2 4 0 0 4 18.89745 19 14
2 4 0 0 4 18.14257 19 14
2 2 0 0 2 16.63145 19 14
2 4 0 0 4 16.93757 19 14
2 2 0 0 2 17.14055 19 14
2 2 0 0 2 17.6962 19 14
2 3 0 0 3 17.47509 19 14
2 2 0 0 2 16.62469 19 14
2 3 0 0 3 17.69507 19 14
2 4 0 0 4 17.33289 19 14
2 1 0 1 2 15.12973 19 14
1 1 0 1 2 14.41276 19 14
2 5 0 0 5 18.29267 19 14
2 4 0 0 4 18.2186 19 14
2 4 0 0 4 16.38621 19 14
2 2 0 0 2 17.53361 19 14
2 1 0 0 1 18.86804 19 14
2 3 0 0 3 17.10223 19 14
2 3 0 0 3 17.05135 19 14
2 2 0 0 2 16.4866 19 14
2 2 0 0 2 16.79701 19 14
2 3 0 0 3 17.43978 19 14
2 1 0 0 1 17.13893 19 14
2 3 0 0 3 16.79342 19 14
2 2 0 0 2 17.51182 19 14
2 2 0 0 2 18.50772 19 14
2 6 0 0 6 17.93362 19 14
2 3 0 0 3 16.58723 19 14
2 3 0 0 3 18.64878 19 14
2 3 0 0 3 16.70038 19 14
2 4 0 0 4 18.48462 19 14
2 1 0 0 1 16.83059 19 14
2 6 0 1 7 14.4367 19 14
2 3 0 0 3 17.82851 19 14
2 8 0 0 8 18.45015 19 14
2 4 0 0 4 16.02344 19 14
2 1 0 0 1 16.94988 19 14
2 2 0 0 2 17.53826 19 14
2 1 0 0 1 16.83059 19 14
2 7 0 0 7 18.64328 19 14
2 2 0 1 3 14.80658 19 14
2 5 0 0 5 18.28317 19 14
2 4 0 0 4 17.39253 19 14
2 1 0 0 1 16.94988 19 14
2 2 0 0 2 16.81914 19 14
2 2 0 0 2 17.67965 19 14
2 3 0 0 3 17.24136 19 14
2 3 0 0 3 18.12025 19 14
2 6 0 0 6 17.89388 19 14
2 2 0 0 2 18.22191 19 14
2 3 0 0 3 17.31031 19 14
2 2 0 0 2 18.02094 19 14
2 1 0 0 1 16.1271 19 14
2 5 0 0 5 17.17364 19 14
2 1 0 0 1 16.86332 19 14
2 5 0 0 5 18.46058 19 14
2 4 0 0 4 17.07947 19 14
2 5 0 0 5 18.69798 19 14
2 3 0 0 3 17.62841 19 14
2 3 0 0 3 17.29028 19 14
2 2 0 0 2 16.25395 19 14
2 1 0 0 1 17.44607 19 14
2 3 0 0 3 18.03078 19 14
2 3 0 0 3 17.45294 19 14
2 3 0 0 3 17.26298 19 14
2 2 0 0 2 15.71471 19 14
2 5 0 0 5 17.84589 19 14
2 3 0 0 3 16.24693 19 14
2 2 0 0 2 17.11766 19 14
2 3 0 0 3 17.33569 19 14
2 3 0 0 3 17.84794 19 14
2 8 0 0 8 18.45704 19 14
2 3 0 0 3 17.89866 19 14
2 1 0 0 1 17.48728 19 14
2 2 0 0 2 17.44509 19 14
2 2 0 0 2 18.52441 19 14
2 2 0 0 2 16.41677 19 14
2 3 0 0 3 18.50789 19 14
2 2 0 1 3 14.17794 19 14
2 3 0 0 3 16.65764 19 14
2 3 0 0 3 17.74043 19 14
2 5 0 0 5 17.62352 19 14
2 3 0 0 3 16.81159 19 14
2 2 0 0 2 16.83005 19 14
2 1 0 0 1 17.55847 19 14
2 6 0 0 6 15.89799 19 14
2 1 0 1 2 14.03893 19 14
2 4 0 0 4 17.06535 19 14
2 5 0 0 5 17.96171 19 14
2 2 0 0 2 16.82177 19 14
2 5 0 0 5 17.28131 19 14
2 2 0 0 2 17.68664 19 14
2 6 0 0 6 17.24732 19 14
2 1 0 1 2 14.04719 19 14
2 2 0 0 2 17.48419 19 14
2 3 0 0 3 16.45678 19 14
2 3 0 0 3 17.16803 19 14
2 1 0 0 1 18.87361 19 14
2 3 0 0 3 16.80881 19 14
2 3 0 0 3 16.66383 19 14
2 3 0 0 3 16.94754 19 14
2 3 0 0 3 16.96248 19 14
2 3 0 0 3 17.14914 19 14
2 1 0 0 1 16.86332 19 14
2 3 0 0 3 18.12729 19 14
2 2 0 0 2 17.29971 19 14
2 4 0 0 4 18.21298 19 14
2 2 0 0 2 16.53378 19 14
2 2 0 0 2 17.83268 19 14
2 1 0 0 1 17.13893 19 14
2 1 0 1 2 14.0314 19 14
2 6 0 0 6 18.38894 19 14
2 2 0 0 2 15.84599 19 14
2 2 0 0 2 16.79724 19 14
2 4 0 0 4 18.34845 19 14
2 2 0 1 3 14.08674 19 14
2 1 0 0 1 16.1271 19 14
2 2 0 0 2 18.25264 19 14
2 4 0 0 4 16.39812 19 14
2 5 0 0 5 17.47107 19 14
2 2 0 0 2 17.13518 19 14
2 1 0 1 2 14.19616 19 14
2 4 0 0 4 17.82436 19 14
2 2 0 0 2 17.7723 19 14
2 2 0 0 2 17.17958 19 14
2 2 0 0 2 16.18097 19 14
2 4 0 0 4 17.30642 19 14
2 4 0 0 4 16.96042 19 14
2 3 0 0 3 16.0376 19 14
2 3 0 0 3 18.25818 19 14
2 5 0 0 5 16.96006 19 14
2 1 0 0 1 16.94988 19 14
2 4 0 0 4 17.82701 19 14
2 2 0 0 2 17.43673 19 14
2 5 0 0 5 18.41475 19 14
1 2 0 1 3 14.08135 19 14
1 2 0 1 3 14.08135 19 14
1 2 0 1 3 14.08135 19 14
1 2 0 1 3 14.08135 19 14
1 2 0 1 3 14.08135 19 14
1 2 0 1 3 14.08135 19 14
1 2 0 1 3 14.08135 19 14
1 2 0 1 3 14.08135 19 14
1 2 0 1 3 14.08135 19 14
1 2 0 1 3 14.08135 19 14
1 2 0 1 3 14.08135 19 14
1 2 0 1 3 14.08135 19 14
1 2 0 1 3 14.08135 19 14
1 2 0 1 3 14.08135 19 14
1 2 0 1 3 14.08135 19 14
1 2 0 1 3 14.08135 19 14
1 2 0 1 3 14.08135 19 14
1 2 0 1 3 14.08135 19 14
1 2 0 1 3 14.08135 19 14
1 3 0 1 4 14.0376 19 14
1 2 0 1 3 14.08135 19 14
1 2 0 1 3 14.08135 19 14
1 2 0 1 3 14.08135 19 14
1 2 0 1 3 14.08135 19 14
1 2 0 1 3 14.08135 19 14
1 2 0 1 3 14.08135 19 14
1 2 0 1 3 14.08135 19 14
1 2 0 1 3 14.08135 19 14
1 2 0 1 3 14.08135 19 14
1 2 0 1 3 14.08135 19 14
1 2 0 1 3 14.08135 19 14
1 2 0 1 3 14.08135 19 14
1 2 0 1 3 14.08135 19 14
1 2 0 1 3 14.08135 19 14
1 2 0 1 3 14.08135 19 14
1 2 0 1 3 14.08135 19 14
1 2 0 1 3 14.08135 19 14
1 2 0 1 3 14.08135 19 14
1 2 0 1 3 14.08135 19 14
1 2 0 1 3 14.08135 19 14
1 2 0 1 3 14.08135 19 14
1 2 0 1 3 14.08135 19 14
1 2 0 1 3 14.08135 19 14
1 2 0 1 3 14.08135 19 14
1 2 0 1 3 14.08135 19 14
1 2 0 1 3 14.08135 19 14
1 2 0 1 3 14.08135 19 14
1 2 0 1 3 14.08135 19 14
1 2 0 1 3 14.08135 19 14
1 2 0 1 3 14.08135 19 14
1 2 0 1 3 14.08135 19 14
1 2 0 1 3 14.08135 19 14
1 2 0 1 3 14.08135 19 14
1 2 0 1 3 14.08135 19 14
1 2 0 1 3 14.08135 19 14
1 2 0 1 3 14.08135 19 14
1 2 0 1 3 14.08135 19 14
1 2 0 1 3 14.08135 19 14
1 2 0 1 3 14.08135 19 14
1 2 0 1 3 14.08135 19 14
1 2 0 1 3 14.08135 19 14
1 2 0 1 3 14.08135 19 14
1 2 0 1 3 14.08135 19 14
1 2 0 1 3 14.08135 19 14
1 2 0 1 3 14.08135 19 14
1 3 0 1 4 14.0811 19 14
1 2 0 1 3 14.08135 19 14
1 2 0 1 3 14.08135 19 14
1 2 0 1 3 14.08135 19 14
1 2 0 1 3 14.08135 19 14
1 2 0 1 3 14.08135 19 14
1 2 0 1 3 14.08135 19 14
1 2 0 1 3 14.08135 19 14
1 2 0 1 3 14.08135 19 14
1 2 0 1 3 14.08135 19 14
1 2 0 1 3 14.08135 19 14
1 2 0 1 3 14.08135 19 14
1 2 0 1 3 14.08135 19 14
1 2 0 1 3 14.08135 19 14
1 2 0 1 3 14.08135 19 14
1 2 0 1 3 14.08135 19 14
1 2 0 1 3 14.08135 19 14
1 2 0 1 3 14.08135 19 14
1 2 0 1 3 14.08135 19 14
1 2 0 1 3 14.08135 19 14
1 2 0 1 3 14.08135 19 14
1 2 0 1 3 14.08135 19 14
1 2 0 1 3 14.08135 19 14
1 2 0 1 3 14.08135 19 14
1 2 0 1 3 14.08135 19 14
1 2 0 1 3 14.08135 19 14
1 2 0 1 3 14.08135 19 14
1 2 0 1 3 14.08135 19 14
1 2 0 1 3 14.08135 19 14
1 2 0 1 3 14.08135 19 14
1 2 0 1 3 14.08135 19 14
1 2 0 1 3 14.08135 19 14
1 2 0 1 3 14.08135 19 14
1 2 0 1 3 14.08135 19 14
1 2 0 1 3 14.08135 19 14
1 2 0 1 3 14.08135 19 14
1 2 0 1 3 14.08135 19 14
1 2 0 1 3 14.08135 19 14
1 2 0 1 3 14.08135 19 14
1 2 0 1 3 14.08135 19 14
1 2 0 1 3 14.08135 19 14
1 2 0 1 3 14.08135 19 14
1 2 0 1 3 14.08135 19 14
1 2 0 1 3 14.08135 19 14
1 2 0 1 3 14.08135 19 14
1 2 0 1 3 14.08135 19 14
1 2 0 1 3 14.08135 19 14
1 2 0 1 3 14.08135 19 14
1 2 0 1 3 14.08135 19 14
1 2 0 1 3 14.08135 19 14
1 3 0 1 4 14.04671 19 14
1 2 0 1 3 14.08135 19 14
1 2 0 1 3 14.08135 19 14
1 2 0 1 3 14.08135 19 14
1 2 0 1 3 14.08135 19 14
1 2 0 1 3 14.08135 19 14
1 2 0 1 3 14.08135 19 14
1 2 0 1 3 14.08135 19 14
1 2 0 1 3 14.08135 19 14
1 2 0 1 3 14.08135 19 14
1 2 0 1 3 14.08135 19 14
1 2 0 1 3 14.08135 19 14
1 2 0 1 3 14.08135 19 14
1 2 0 1 3 14.08135 19 14
1 2 0 1 3 14.08135 19 14
1 2 0 1 3 14.08135 19 14
1 2 0 1 3 14.08135 19 14
1 2 0 1 3 14.08135 19 14
1 2 0 1 3 14.08135 19 14
1 2 0 1 3 14.08135 19 14
1 2 0 1 3 14.08135 19 14
1 2 0 1 3 14.08135 19 14
1 2 0 1 3 14.08135 19 14
1 2 0 1 3 14.08135 19 14
1 2 0 1 3 14.08135 19 14
1 2 0 1 3 14.08135 19 14
1 2 0 1 3 14.08135 19 14
1 2 0 1 3 14.08135 19 14
1 2 0 1 3 14.08135 19 14
1 2 0 1 3 14.08135 19 14
1 2 0 1 3 14.08135 19 14
1 2 0 1 3 14.08135 19 14
1 2 0 1 3 14.08135 19 14
1 2 0 1 3 14.08135 19 14
1 2 0 1 3 14.08135 19 14
1 2 0 1 3 14.08135 19 14
1 2 0 1 3 14.08135 19 14
1 2 0 1 3 14.08135 19 14
1 3 0 1 4 14.01203 19 14
1 2 0 1 3 14.08135 19 14
1 2 0 1 3 14.08135 19 14
1 2 0 1 3 14.08135 19 14
1 2 0 1 3 14.08135 19 14
1 2 0 1 3 14.08135 19 14
1 2 0 1 3 14.08135 19 14
1 2 0 1 3 14.08135 19 14
1 2 0 1 3 14.08135 19 14
1 2 0 1 3 14.08135 19 14
1 2 0 1 3 14.08135 19 14
1 2 0 1 3 14.08135 19 14
1 2 0 1 3 14.08135 19 14
1 2 0 1 3 14.08135 19 14
1 2 0 1 3 14.08135 19 14
1 2 0 1 3 14.08135 19 14
1 2 0 1 3 14.08135 19 14
1 2 0 1 3 14.08135 19 14
1 2 0 1 3 14.08135 19 14
1 2 0 1 3 14.08135 19 14
1 2 0 1 3 14.08135 19 14
1 2 0 1 3 14.08135 19 14
1 2 0 1 3 14.08135 19 14
1 2 0 1 3 14.08135 19 14
1 2 0 1 3 14.08135 19 14
1 2 0 1 3 14.08135 19 14
1 2 0 1 3 14.08135 19 14
1 2 0 1 3 14.08135 19 14
1 2 0 1 3 14.08135 19 14
1 2 0 1 3 14.08135 19 14
1 2 0 1 3 14.08135 19 14
1 2 0 1 3 14.08135 19 14
1 2 0 1 3 14.08135 19 14
1 2 0 1 3 14.08135 19 14
1 2 0 1 3 14.08135 19 14
1 2 0 1 3 14.08135 19 14
1 2 0 1 3 14.08135 19 14
1 2 0 1 3 14.08135 19 14
1 2 0 1 3 14.08135 19 14
1 2 0 1 3 14.08135 19 14
1 2 0 1 3 14.08135 19 14
1 2 0 1 3 14.08135 19 14
1 2 0 1 3 14.08135 19 14
1 2 0 1 3 14.08135 19 14
1 2 0 1 3 14.08135 19 14
1 2 0 1 3 14.08135 19 14
1 2 0 1 3 14.08135 19 14
1 2 0 1 3 14.08135 19 14
1 2 0 1 3 14.08135 19 14
1 2 0 1 3 14.08135 19 14
1 2 0 1 3 14.08135 19 14
1 2 0 1 3 14.08135 19 14
1 2 0 1 3 14.08135 19 14
1 2 0 1 3 14.08135 19 14
1 2 0 1 3 14.08135 19 14
1 2 0 1 3 14.08135 19 14
1 2 0 1 3 14.08135 19 14
1 2 0 1 3 14.08135 19 14
1 2 0 1 3 14.08135 19 14
1 2 0 1 3 14.08135 19 14
1 2 0 1 3 14.08135 19 14
1 2 0 1 3 14.08135 19 14
1 3 0 1 4 14.03286 19 14
1 2 0 1 3 14.08135 19 14
1 2 0 1 3 14.08135 19 14
1 2 0 1 3 14.08135 19 14
1 2 0 1 3 14.08135 19 14
1 2 0 1 3 14.08135 19 14
1 2 0 1 3 14.08135 19 14
1 2 0 1 3 14.08135 19 14
1 2 0 1 3 14.08135 19 14
1 2 0 1 3 14.08135 19 14
1 2 0 1 3 14.08135 19 14
1 2 0 1 3 14.08135 19 14
1 2 0 1 3 14.08135 19 14
1 2 0 1 3 14.08135 19 14
1 2 0 1 3 14.08135 19 14
1 2 0 1 3 14.08135 19 14
1 2 0 1 3 14.08135 19 14
1 2 0 1 3 14.08135 19 14
1 2 0 1 3 14.08135 19 14
1 2 0 1 3 14.08135 19 14
1 2 0 1 3 14.08135 19 14
1 2 0 1 3 14.08135 19 14
1 2 0 1 3 14.08135 19 14
1 2 0 1 3 14.08135 19 14
1 2 0 1 3 14.08135 19 14
1 2 0 1 3 14.08135 19 14
1 2 0 1 3 14.08135 19 14
1 2 0 1 3 14.08135 19 14
1 2 0 1 3 14.08135 19 14
1 2 0 1 3 14.08135 19 14
1 2 0 1 3 14.08135 19 14
1 2 0 1 3 14.08135 19 14
1 2 0 1 3 14.08135 19 14
1 2 0 1 3 14.08135 19 14
1 2 0 1 3 14.08135 19 14
1 2 0 1 3 14.08135 19 14
1 2 0 1 3 14.08135 19 14
1 2 0 1 3 14.08135 19 14
1 2 0 1 3 14.08135 19 14
1 2 0 1 3 14.08135 19 14
1 2 0 1 3 14.08135 19 14
1 2 0 1 3 14.08135 19 14
1 2 0 1 3 14.08135 19 14
1 2 0 1 3 14.08135 19 14
1 2 0 1 3 14.08135 19 14
1 2 0 1 3 14.08135 19 14
1 2 0 1 3 14.08135 19 14
1 2 0 1 3 14.08135 19 14
1 2 0 1 3 14.08135 19 14
1 2 0 1 3 14.08135 19 14
1 2 0 1 3 14.08135 19 14
1 2 0 1 3 14.08135 19 14
1 2 0 1 3 14.08135 19 14
1 2 0 1 3 14.08135 19 14
1 2 0 1 3 14.08135 19 14
1 2 0 1 3 14.08135 19 14
1 2 0 1 3 14.08135 19 14
1 2 0 1 3 14.08135 19 14
1 2 0 1 3 14.08135 19 14
1 2 0 1 3 14.08135 19 14
1 2 0 1 3 14.08135 19 14
1 2 0 1 3 14.08135 19 14
1 2 0 1 3 14.08135 19 14
1 2 0 1 3 14.08135 19 14
1 2 0 1 3 14.08135 19 14
1 2 0 1 3 14.08135 19 14
1 2 0 1 3 14.08135 19 14
1 2 0 1 3 14.08135 19 14
1 2 0 1 3 14.08135 19 14
1 2 0 1 3 14.08135 19 14
1 2 0 1 3 14.08135 19 14
1 2 0 1 3 14.08135 19 14
1 2 0 1 3 14.08135 19 14
1 2 0 1 3 14.08135 19 14
1 2 0 1 3 14.08135 19 14
1 2 0 1 3 14.08135 19 14
1 2 0 1 3 14.08135 19 14
1 2 0 1 3 14.08135 19 14
1 2 0 1 3 14.08135 19 14
1 2 0 1 3 14.08135 19 14
1 2 0 1 3 14.08135 19 14
1 2 0 1 3 14.08135 19 14
1 2 0 1 3 14.08135 19 14
1 2 0 1 3 14.08135 19 14
1 2 0 1 3 14.08135 19 14
1 2 0 1 3 14.08135 19 14
1 3 0 1 4 14.0479 19 14
1 2 0 1 3 14.08135 19 14
1 2 0 1 3 14.08135 19 14
1 2 0 1 3 14.08135 19 14
1 2 0 1 3 14.08135 19 14
1 2 0 1 3 14.08135 19 14
1 2 0 1 3 14.08135 19 14
1 2 0 1 3 14.08135 19 14
1 2 0 1 3 14.08135 19 14
1 2 0 1 3 14.08135 19 14
1 3 0 1 4 14.05053 19 14
1 2 0 1 3 14.08135 19 14
1 2 0 1 3 14.08135 19 14
1 2 0 1 3 14.08135 19 14
1 3 0 1 4 14.01893 19 14
1 2 0 1 3 14.08135 19 14
1 2 0 1 3 14.08135 19 14
1 2 0 1 3 14.08135 19 14
1 2 0 1 3 14.08135 19 14
1 2 0 1 3 14.08135 19 14
1 2 0 1 3 14.08135 19 14
1 2 0 1 3 14.08135 19 14
1 2 0 1 3 14.08135 19 14
1 2 0 1 3 14.08135 19 14
1 2 0 1 3 14.08135 19 14
1 2 0 1 3 14.08135 19 14
1 2 0 1 3 14.08135 19 14
1 2 0 1 3 14.08135 19 14
1 2 0 1 3 14.08135 19 14
1 2 0 1 3 14.08135 19 14
1 2 0 1 3 14.08135 19 14
1 2 0 1 3 14.08135 19 14
1 2 0 1 3 14.08135 19 14
1 2 0 1 3 14.08135 19 14
1 2 0 1 3 14.08135 19 14
1 2 0 1 3 14.08135 19 14
1 2 0 1 3 14.08135 19 14
1 2 0 1 3 14.08135 19 14
1 2 0 1 3 14.08135 19 14
1 2 0 1 3 14.08135 19 14
1 2 0 1 3 14.08135 19 14
1 2 0 1 3 14.08135 19 14
1 2 0 1 3 14.08135 19 14
1 2 0 1 3 14.08135 19 14
1 2 0 1 3 14.08135 19 14
1 2 0 1 3 14.08135 19 14
1 2 0 1 3 14.08135 19 14
1 2 0 1 3 14.08135 19 14
1 2 0 1 3 14.08135 19 14
1 2 0 1 3 14.08135 19 14
1 2 0 1 3 14.08135 19 14
1 2 0 1 3 14.08135 19 14
1 2 0 1 3 14.08135 19 14
1 2 0 1 3 14.08135 19 14
1 2 0 1 3 14.08135 19 14
1 2 0 1 3 14.08135 19 14
1 3 0 1 4 14.08064 19 14
1 2 0 1 3 14.08135 19 14
1 2 0 1 3 14.08135 19 14
1 2 0 1 3 14.08135 19 14
1 2 0 1 3 14.08135 19 14
1 2 0 1 3 14.08135 19 14
1 2 0 1 3 14.08135 19 14
1 2 0 1 3 14.08135 19 14
1 2 0 1 3 14.08135 19 14
1 2 0 1 3 14.08135 19 14
1 2 0 1 3 14.08135 19 14
1 2 0 1 3 14.08135 19 14
1 2 0 1 3 14.08135 19 14
1 2 0 1 3 14.08135 19 14
1 2 0 1 3 14.08135 19 14
1 2 0 1 3 14.08135 19 14
1 2 0 1 3 14.08135 19 14
1 2 0 1 3 14.08135 19 14
1 2 0 1 3 14.08135 19 14
1 2 0 1 3 14.08135 19 14
1 2 0 1 3 14.08135 19 14
1 2 0 1 3 14.08135 19 14
1 2 0 1 3 14.08135 19 14
1 2 0 1 3 14.08135 19 14
1 2 0 1 3 14.08135 19 14
1 2 0 1 3 14.08135 19 14
1 2 0 1 3 14.08135 19 14
1 2 0 1 3 14.08135 19 14
1 2 0 1 3 14.08135 19 14
1 2 0 1 3 14.08135 19 14
1 2 0 1 3 14.08135 19 14
1 2 0 1 3 14.08135 19 14
1 2 0 1 3 14.08135 19 14
1 2 0 1 3 14.08135 19 14
1 2 0 1 3 14.08135 19 14
1 2 0 1 3 14.08135 19 14
1 2 0 1 3 14.08135 19 14
1 2 0 1 3 14.08135 19 14
1 2 0 1 3 14.08135 19 14
1 2 0 1 3 14.08135 19 14
1 2 0 1 3 14.08135 19 14
1 2 0 1 3 14.08135 19 14
1 2 0 1 3 14.08135 19 14
1 2 0 1 3 14.08135 19 14
1 2 0 1 3 14.08135 19 14
1 2 0 1 3 14.08135 19 14
1 2 0 1 3 14.08135 19 14
1 2 0 1 3 14.08135 19 14
1 2 0 1 3 14.08135 19 14
1 2 0 1 3 14.08135 19 14
1 2 0 1 3 14.08135 19 14
1 2 0 1 3 14.08135 19 14
1 2 0 1 3 14.08135 19 14
1 2 0 1 3 14.08135 19 14
1 2 0 1 3 14.08135 19 14
1 2 0 1 3 14.08135 19 14
1 2 0 1 3 14.08135 19 14
1 2 0 1 3 14.08135 19 14
1 2 0 1 3 14.08135 19 14
1 2 0 1 3 14.08135 19 14
1 2 0 1 3 14.08135 19 14
1 2 0 1 3 14.08135 19 14
1 2 0 1 3 14.08135 19 14
1 2 0 1 3 14.08135 19 14
1 2 0 1 3 14.08135 19 14
1 2 0 1 3 14.08135 19 14
1 2 0 1 3 14.08135 19 14
1 2 0 1 3 14.08135 19 14
1 2 0 1 3 14.08135 19 14
1 2 0 1 3 14.08135 19 14
1 2 0 1 3 14.08135 19 14
1 2 0 1 3 14.08135 19 14
1 2 0 1 3 14.08135 19 14
1 2 0 1 3 14.08135 19 14
1 2 0 1 3 14.08135 19 14
1 2 0 1 3 14.08135 19 14
1 2 0 1 3 14.08135 19 14
1 2 0 1 3 14.08135 19 14
1 2 0 1 3 14.08135 19 14
1 2 0 1 3 14.08135 19 14
1 2 0 1 3 14.08135 19 14
1 2 0 1 3 14.08135 19 14
1 2 0 1 3 14.08135 19 14
1 2 0 1 3 14.08135 19 14
1 2 0 1 3 14.08135 19 14
1 2 0 1 3 14.08135 19 14
1 2 0 1 3 14.08135 19 14
1 2 0 1 3 14.08135 19 14
1 2 0 1 3 14.08135 19 14
1 2 0 1 3 14.08135 19 14
1 2 0 1 3 14.08135 19 14
1 2 0 1 3 14.08135 19 14
1 2 0 1 3 14.08135 19 14
1 2 0 1 3 14.08135 19 14
1 2 0 1 3 14.08135 19 14
1 2 0 1 3 14.08135 19 14
1 2 0 1 3 14.08135 19 14
1 2 0 1 3 14.08135 19 14
1 2 0 1 3 14.08135 19 14
1 2 0 1 3 14.08135 19 14
1 2 0 1 3 14.08135 19 14
1 2 0 1 3 14.08135 19 14
1 3 0 1 4 14.03529 19 14
1 2 0 1 3 14.08135 19 14
1 2 0 1 3 14.08135 19 14
1 2 0 1 3 14.08135 19 14
1 2 0 1 3 14.08135 19 14
1 2 0 1 3 14.08135 19 14
1 2 0 1 3 14.08135 19 14
1 2 0 1 3 14.08135 19 14
1 2 0 1 3 14.08135 19 14
1 2 0 1 3 14.08135 19 14
1 2 0 1 3 14.08135 19 14
1 2 0 1 3 14.08135 19 14
1 2 0 1 3 14.08135 19 14
1 2 0 1 3 14.08135 19 14
1 2 0 1 3 14.08135 19 14
1 2 0 1 3 14.08135 19 14
1 2 0 1 3 14.08135 19 14
1 2 0 1 3 14.08135 19 14
1 2 0 1 3 14.08135 19 14
1 2 0 1 3 14.08135 19 14
1 2 0 1 3 14.08135 19 14
1 2 0 1 3 14.08135 19 14
1 2 0 1 3 14.08135 19 14
1 2 0 1 3 14.08135 19 14
1 2 0 1 3 14.08135 19 14
1 2 0 1 3 14.08135 19 14
1 2 0 1 3 14.08135 19 14
1 2 0 1 3 14.08135 19 14
1 2 0 1 3 14.08135 19 14
1 2 0 1 3 14.08135 19 14
1 2 0 1 3 14.08135 19 14
1 2 0 1 3 14.08135 19 14
1 2 0 1 3 14.08135 19 14
1 2 0 1 3 14.08135 19 14
1 2 0 1 3 14.08135 19 14
1 2 0 1 3 14.08135 19 14
1 2 0 1 3 14.08135 19 14
1 2 0 1 3 14.08135 19 14
1 2 0 1 3 14.08135 19 14
1 2 0 1 3 14.08135 19 14
1 2 0 1 3 14.08135 19 14
1 2 0 1 3 14.08135 19 14
1 2 0 1 3 14.08135 19 14
1 2 0 1 3 14.08135 19 14
1 2 0 1 3 14.08135 19 14
1 2 0 1 3 14.08135 19 14
1 2 0 1 3 14.08135 19 14
1 2 0 1 3 14.08135 19 14
1 2 0 1 3 14.08135 19 14
1 2 0 1 3 14.08135 19 14
1 2 0 1 3 14.08135 19 14
1 2 0 1 3 14.08135 19 14
1 2 0 1 3 14.08135 19 14
1 2 0 1 3 14.08135 19 14
1 2 0 1 3 14.08135 19 14
1 2 0 1 3 14.08135 19 14
1 2 0 1 3 14.08135 19 14
1 2 0 1 3 14.08135 19 14
1 2 0 1 3 14.08135 19 14
1 2 0 1 3 14.08135 19 14
1 2 0 1 3 14.08135 19 14
1 2 0 1 3 14.08135 19 14
1 2 0 1 3 14.08135 19 14
1 2 0 1 3 14.08135 19 14
1 2 0 1 3 14.08135 19 14
1 2 0 1 3 14.08135 19 14
1 2 0 1 3 14.08135 19 14
1 2 0 1 3 14.08135 19 14
1 2 0 1 3 14.08135 19 14
1 2 0 1 3 14.08135 19 14
1 2 0 1 3 14.08135 19 14
1 2 0 1 3 14.08135 19 14
1 2 0 1 3 14.08135 19 14
1 2 0 1 3 14.08135 19 14
1 2 0 1 3 14.08135 19 14
1 2 0 1 3 14.08135 19 14
1 2 0 1 3 14.08135 19 14
1 2 0 1 3 14.08135 19 14
1 2 0 1 3 14.08135 19 14
1 2 0 1 3 14.08135 19 14
1 2 0 1 3 14.08135 19 14
1 2 0 1 3 14.08135 19 14
1 2 0 1 3 14.08135 19 14
1 2 0 1 3 14.08135 19 14
1 2 0 1 3 14.08135 19 14
1 2 0 1 3 14.08135 19 14
1 2 0 1 3 14.08135 19 14
1 2 0 1 3 14.08135 19 14
1 2 0 1 3 14.08135 19 14
1 2 0 1 3 14.08135 19 14
1 2 0 1 3 14.08135 19 14
1 2 0 1 3 14.08135 19 14
1 2 0 1 3 14.08135 19 14
1 2 0 1 3 14.08135 19 14
1 2 0 1 3 14.08135 19 14
1 2 0 1 3 14.08135 19 14
1 2 0 1 3 14.08135 19 14
1 2 0 1 3 14.08135 19 14
1 2 0 1 3 14.08135 19 14
1 2 0 1 3 14.08135 19 14
1 2 0 1 3 14.08135 19 14
1 2 0 1 3 14.08135 19 14
1 2 0 1 3 14.08135 19 14
1 2 0 1 3 14.08135 19 14
1 2 0 1 3 14.08135 19 14
1 2 0 1 3 14.08135 19 14
1 2 0 1 3 14.08135 19 14
1 2 0 1 3 14.08135 19 14
1 2 0 1 3 14.08135 19 14
1 2 0 1 3 14.08135 19 14
1 2 0 1 3 14.08135 19 14
1 2 0 1 3 14.08135 19 14
1 2 0 1 3 14.08135 19 14
1 2 0 1 3 14.08135 19 14
1 2 0 1 3 14.08135 19 14
1 2 0 1 3 14.08135 19 14
1 2 0 1 3 14.08135 19 14
1 2 0 1 3 14.08135 19 14
1 2 0 1 3 14.08135 19 14
1 2 0 1 3 14.08135 19 14
1 2 0 1 3 14.08135 19 14
1 2 0 1 3 14.08135 19 14
1 2 0 1 3 14.08135 19 14
1 2 0 1 3 14.08135 19 14
1 2 0 1 3 14.08135 19 14
1 2 0 1 3 14.08135 19 14
1 2 0 1 3 14.08135 19 14
1 2 0 1 3 14.08135 19 14
1 2 0 1 3 14.08135 19 14
1 2 0 1 3 14.08135 19 14
1 2 0 1 3 14.08135 19 14
1 2 0 1 3 14.08135 19 14
1 2 0 1 3 14.08135 19 14
1 2 0 1 3 14.08135 19 14
1 2 0 1 3 14.08135 19 14
1 2 0 1 3 14.08135 19 14
1 2 0 1 3 14.08135 19 14
1 2 0 1 3 14.08135 19 14
1 2 0 1 3 14.08135 19 14
1 2 0 1 3 14.08135 19 14
1 2 0 1 3 14.08135 19 14
1 2 0 1 3 14.08135 19 14
1 2 0 1 3 14.08135 19 14
1 2 0 1 3 14.08135 19 14
1 2 0 1 3 14.08135 19 14
1 2 0 1 3 14.08135 19 14
1 2 0 1 3 14.08135 19 14
1 2 0 1 3 14.08135 19 14
1 2 0 1 3 14.08135 19 14
1 2 0 1 3 14.08135 19 14
1 2 0 1 3 14.08135 19 14
1 2 0 1 3 14.08135 19 14
1 2 0 1 3 14.08135 19 14
1 2 0 1 3 14.08135 19 14
1 2 0 1 3 14.08135 19 14
1 2 0 1 3 14.08135 19 14
1 2 0 1 3 14.08135 19 14
1 2 0 1 3 14.08135 19 14
1 2 0 1 3 14.08135 19 14
1 2 0 1 3 14.08135 19 14
1 2 0 1 3 14.08135 19 14
1 2 0 1 3 14.08135 19 14
1 2 0 1 3 14.08135 19 14
1 2 0 1 3 14.08135 19 14
1 2 0 1 3 14.08135 19 14
1 2 0 1 3 14.08135 19 14
1 2 0 1 3 14.08135 19 14
1 2 0 1 3 14.08135 19 14
1 2 0 1 3 14.08135 19 14
1 2 0 1 3 14.08135 19 14
1 2 0 1 3 14.08135 19 14
1 2 0 1 3 14.08135 19 14
1 2 0 1 3 14.08135 19 14
1 2 0 1 3 14.08135 19 14
1 2 0 1 3 14.08135 19 14
1 2 0 1 3 14.08135 19 14
1 2 0 1 3 14.08135 19 14
1 2 0 1 3 14.08135 19 14
1 2 0 1 3 14.08135 19 14
1 2 0 1 3 14.08135 19 14
1 2 0 1 3 14.08135 19 14
1 2 0 1 3 14.08135 19 14
1 2 0 1 3 14.08135 19 14
1 2 0 1 3 14.08135 19 14
1 2 0 1 3 14.08135 19 14
1 2 0 1 3 14.08135 19 14
1 2 0 1 3 14.08135 19 14
1 2 0 1 3 14.08135 19 14
1 2 0 1 3 14.08135 19 14
1 2 0 1 3 14.08135 19 14
1 2 0 1 3 14.08135 19 14
1 2 0 1 3 14.08135 19 14
1 2 0 1 3 14.08135 19 14
1 2 0 1 3 14.08135 19 14
1 2 0 1 3 14.08135 19 14
1 2 0 1 3 14.08135 19 14
1 2 0 1 3 14.08135 19 14
1 2 0 1 3 14.08135 19 14
1 2 0 1 3 14.08135 19 14
1 2 0 1 3 14.08135 19 14
1 2 0 1 3 14.08135 19 14
1 2 0 1 3 14.08135 19 14
1 2 0 1 3 14.08135 19 14
1 2 0 1 3 14.08135 19 14
1 2 0 1 3 14.08135 19 14
1 2 0 1 3 14.08135 19 14
1 2 0 1 3 14.08135 19 14
1 2 0 1 3 14.08135 19 14
1 2 0 1 3 14.08135 19 14
1 2 0 1 3 14.08135 19 14
1 2 0 1 3 14.08135 19 14
1 2 0 1 3 14.08135 19 14
1 2 0 1 3 14.08135 19 14
1 2 0 1 3 14.08135 19 14
1 2 0 1 3 14.08135 19 14
1 2 0 1 3 14.08135 19 14
1 2 0 1 3 14.08135 19 14
1 2 0 1 3 14.08135 19 14
1 2 0 1 3 14.08135 19 14
1 2 0 1 3 14.08135 19 14
1 2 0 1 3 14.08135 19 14
1 2 0 1 3 14.08135 19 14
1 2 0 1 3 14.08135 19 14
1 2 0 1 3 14.08135 19 14
1 2 0 1 3 14.08135 19 14
1 2 0 1 3 14.08135 19 14
1 2 0 1 3 14.08135 19 14
1 2 0 1 3 14.08135 19 14
1 2 0 1 3 14.08135 19 14
1 2 0 1 3 14.08135 19 14
1 2 0 1 3 14.08135 19 14
1 2 0 1 3 14.08135 19 14
1 2 0 1 3 14.08135 19 14
1 2 0 1 3 14.08135 19 14
1 2 0 1 3 14.08135 19 14
1 2 0 1 3 14.08135 19 14
1 2 0 1 3 14.08135 19 14
1 2 0 1 3 14.08135 19 14
1 2 0 1 3 14.08135 19 14
1 2 0 1 3 14.08135 19 14
1 2 0 1 3 14.08135 19 14
1 2 0 1 3 14.08135 19 14
1 2 0 1 3 14.08135 19 14
1 2 0 1 3 14.08135 19 14
1 2 0 1 3 14.08135 19 14
1 2 0 1 3 14.08135 19 14
1 2 0 1 3 14.08135 19 14
1 2 0 1 3 14.08135 19 14
1 2 0 1 3 14.08135 19 14
1 2 0 1 3 14.08135 19 14
1 2 0 1 3 14.08135 19 14
1 2 0 1 3 14.08135 19 14
1 2 0 1 3 14.08135 19 14
1 2 0 1 3 14.08135 19 14
1 2 0 1 3 14.08135 19 14
1 2 0 1 3 14.08135 19 14
1 2 0 1 3 14.08135 19 14
1 2 0 1 3 14.08135 19 14
1 2 0 1 3 14.08135 19 14
1 2 0 1 3 14.08135 19 14
1 2 0 1 3 14.08135 19 14
1 2 0 1 3 14.08135 19 14
1 2 0 1 3 14.08135 19 14
1 2 0 1 3 14.08135 19 14
1 2 0 1 3 14.08135 19 14
1 2 0 1 3 14.08135 19 14
1 2 0 1 3 14.08135 19 14
1 2 0 1 3 14.08135 19 14
1 2 0 1 3 14.08135 19 14
1 2 0 1 3 14.08135 19 14
1 3 0 1 4 14.07279 19 14
1 2 0 1 3 14.08135 19 14
1 2 0 1 3 14.08135 19 14
1 2 0 1 3 14.08135 19 14
1 2 0 1 3 14.08135 19 14
1 2 0 1 3 14.08135 19 14
1 2 0 1 3 14.08135 19 14
1 2 0 1 3 14.08135 19 14
1 2 0 1 3 14.08135 19 14
1 2 0 1 3 14.08135 19 14
1 2 0 1 3 14.08135 19 14
1 2 0 1 3 14.08135 19 14
1 2 0 1 3 14.08135 19 14
1 2 0 1 3 14.08135 19 14
1 2 0 1 3 14.08135 19 14
1 2 0 1 3 14.08135 19 14
1 2 0 1 3 14.08135 19 14
1 2 0 1 3 14.08135 19 14
1 2 0 1 3 14.08135 19 14
1 2 0 1 3 14.08135 19 14
1 2 0 1 3 14.08135 19 14
1 2 0 1 3 14.08135 19 14
1 2 0 1 3 14.08135 19 14
1 2 0 1 3 14.08135 19 14
1 2 0 1 3 14.08135 19 14
1 2 0 1 3 14.08135 19 14
1 2 0 1 3 14.08135 19 14
1 2 0 1 3 14.08135 19 14
1 2 0 1 3 14.08135 19 14
1 2 0 1 3 14.08135 19 14
1 2 0 1 3 14.08135 19 14
1 2 0 1 3 14.08135 19 14
1 2 0 1 3 14.08135 19 14
1 2 0 1 3 14.08135 19 14
1 2 0 1 3 14.08135 19 14
1 3 0 1 4 14.07658 19 14
1 2 0 1 3 14.08135 19 14
1 2 0 1 3 14.08135 19 14
1 2 0 1 3 14.08135 19 14
1 2 0 1 3 14.08135 19 14
1 2 0 1 3 14.08135 19 14
1 2 0 1 3 14.08135 19 14
1 2 0 1 3 14.08135 19 14
1 2 0 1 3 14.08135 19 14
1 2 0 1 3 14.08135 19 14
1 2 0 1 3 14.08135 19 14
1 2 0 1 3 14.08135 19 14
1 2 0 1 3 14.08135 19 14
1 2 0 1 3 14.08135 19 14
1 2 0 1 3 14.08135 19 14
1 2 0 1 3 14.08135 19 14
1 2 0 1 3 14.08135 19 14
1 2 0 1 3 14.08135 19 14
1 3 0 1 4 14.03463 19 14
1 2 0 1 3 14.08135 19 14
1 2 0 1 3 14.08135 19 14
1 2 0 1 3 14.08135 19 14
1 2 0 1 3 14.08135 19 14
1 2 0 1 3 14.08135 19 14
1 2 0 1 3 14.08135 19 14
1 2 0 1 3 14.08135 19 14
1 2 0 1 3 14.08135 19 14
1 2 0 1 3 14.08135 19 14
1 2 0 1 3 14.08135 19 14
1 2 0 1 3 14.08135 19 14
1 2 0 1 3 14.08135 19 14
1 2 0 1 3 14.08135 19 14
1 2 0 1 3 14.08135 19 14
1 2 0 1 3 14.08135 19 14
1 2 0 1 3 14.08135 19 14
1 2 0 1 3 14.08135 19 14
1 2 0 1 3 14.08135 19 14
1 2 0 1 3 14.08135 19 14
1 2 0 1 3 14.08135 19 14
1 2 0 1 3 14.08135 19 14
1 2 0 1 3 14.08135 19 14
1 2 0 1 3 14.08135 19 14
1 2 0 1 3 14.08135 19 14
1 2 0 1 3 14.08135 19 14
1 2 0 1 3 14.08135 19 14
1 2 0 1 3 14.08135 19 14
1 2 0 1 3 14.08135 19 14
1 2 0 1 3 14.08135 19 14
1 2 0 1 3 14.08135 19 14
1 2 0 1 3 14.08135 19 14
1 2 0 1 3 14.08135 19 14
1 2 0 1 3 14.08135 19 14
1 2 0 1 3 14.08135 19 14
1 2 0 1 3 14.08135 19 14
1 2 0 1 3 14.08135 19 14
1 2 0 1 3 14.08135 19 14
1 2 0 1 3 14.08135 19 14
1 2 0 1 3 14.08135 19 14
1 2 0 1 3 14.08135 19 14
1 2 0 1 3 14.08135 19 14
1 2 0 1 3 14.08135 19 14
1 2 0 1 3 14.08135 19 14
1 2 0 1 3 14.08135 19 14
1 2 0 1 3 14.08135 19 14
1 2 0 1 3 14.08135 19 14
1 2 0 1 3 14.08135 19 14
1 2 0 1 3 14.08135 19 14
1 2 0 1 3 14.08135 19 14
1 2 0 1 3 14.08135 19 14
1 2 0 1 3 14.08135 19 14
1 2 0 1 3 14.08135 19 14
1 2 0 1 3 14.08135 19 14
1 2 0 1 3 14.08135 19 14
1 2 0 1 3 14.08135 19 14
1 2 0 1 3 14.08135 19 14
1 3 0 1 4 14.06316 19 14
1 2 0 1 3 14.08135 19 14
1 2 0 1 3 14.08135 19 14
1 2 0 1 3 14.08135 19 14
1 2 0 1 3 14.08135 19 14
1 2 0 1 3 14.08135 19 14
1 2 0 1 3 14.08135 19 14
1 2 0 1 3 14.08135 19 14
1 2 0 1 3 14.08135 19 14
1 2 0 1 3 14.08135 19 14
1 2 0 1 3 14.08135 19 14
1 2 0 1 3 14.08135 19 14
1 2 0 1 3 14.08135 19 14
1 2 0 1 3 14.08135 19 14
1 2 0 1 3 14.08135 19 14
1 2 0 1 3 14.08135 19 14
1 2 0 1 3 14.08135 19 14
1 2 0 1 3 14.08135 19 14
1 2 0 1 3 14.08135 19 14
1 2 0 1 3 14.08135 19 14
1 2 0 1 3 14.08135 19 14
1 2 0 1 3 14.08135 19 14
1 2 0 1 3 14.08135 19 14
1 2 0 1 3 14.08135 19 14
1 2 0 1 3 14.08135 19 14
1 2 0 1 3 14.08135 19 14
1 2 0 1 3 14.08135 19 14
1 2 0 1 3 14.08135 19 14
1 2 0 1 3 14.08135 19 14
1 2 0 1 3 14.08135 19 14
1 2 0 1 3 14.08135 19 14
1 2 0 1 3 14.08135 19 14
1 2 0 1 3 14.08135 19 14
1 2 0 1 3 14.08135 19 14
1 2 0 1 3 14.08135 19 14
1 2 0 1 3 14.08135 19 14
1 2 0 1 3 14.08135 19 14
1 2 0 1 3 14.08135 19 14
1 2 0 1 3 14.08135 19 14
1 2 0 1 3 14.08135 19 14
1 2 0 1 3 14.08135 19 14
1 2 0 1 3 14.08135 19 14
1 2 0 1 3 14.08135 19 14
1 2 0 1 3 14.08135 19 14
1 2 0 1 3 14.08135 19 14
1 3 0 1 4 14.03914 19 14
1 2 0 1 3 14.08135 19 14
1 2 0 1 3 14.08135 19 14
1 2 0 1 3 14.08135 19 14
1 2 0 1 3 14.08135 19 14
1 2 0 1 3 14.08135 19 14
1 2 0 1 3 14.08135 19 14
1 2 0 1 3 14.08135 19 14
1 2 0 1 3 14.08135 19 14
1 2 0 1 3 14.08135 19 14
1 2 0 1 3 14.08135 19 14
1 2 0 1 3 14.08135 19 14
1 2 0 1 3 14.08135 19 14
1 2 0 1 3 14.08135 19 14
1 2 0 1 3 14.08135 19 14
1 2 0 1 3 14.08135 19 14
1 2 0 1 3 14.08135 19 14
1 2 0 1 3 14.08135 19 14
1 2 0 1 3 14.08135 19 14
1 2 0 1 3 14.08135 19 14
1 2 0 1 3 14.08135 19 14
1 2 0 1 3 14.08135 19 14
1 2 0 1 3 14.08135 19 14
1 2 0 1 3 14.08135 19 14
1 2 0 1 3 14.08135 19 14
1 2 0 1 3 14.08135 19 14
1 2 0 1 3 14.08135 19 14
1 2 0 1 3 14.08135 19 14
1 2 0 1 3 14.08135 19 14
1 2 0 1 3 14.08135 19 14
1 2 0 1 3 14.08135 19 14
1 2 0 1 3 14.08135 19 14
1 2 0 1 3 14.08135 19 14
1 2 0 1 3 14.08135 19 14
1 2 0 1 3 14.08135 19 14
1 2 0 1 3 14.08135 19 14
1 2 0 1 3 14.08135 19 14
1 2 0 1 3 14.08135 19 14
1 2 0 1 3 14.08135 19 14
1 2 0 1 3 14.08135 19 14
1 2 0 1 3 14.08135 19 14
1 2 0 1 3 14.08135 19 14
1 2 0 1 3 14.08135 19 14
1 2 0 1 3 14.08135 19 14
1 2 0 1 3 14.08135 19 14
1 2 0 1 3 14.08135 19 14
1 2 0 1 3 14.08135 19 14
1 2 0 1 3 14.08135 19 14
1 2 0 1 3 14.08135 19 14
1 2 0 1 3 14.08135 19 14
1 2 0 1 3 14.08135 19 14
1 2 0 1 3 14.08135 19 14
1 2 0 1 3 14.08135 19 14
1 2 0 1 3 14.08135 19 14
1 2 0 1 3 14.08135 19 14
1 2 0 1 3 14.08135 19 14
1 2 0 1 3 14.08135 19 14
1 2 0 1 3 14.08135 19 14
1 2 0 1 3 14.08135 19 14
1 2 0 1 3 14.08135 19 14
1 2 0 1 3 14.08135 19 14
1 2 0 1 3 14.08135 19 14
1 2 0 1 3 14.08135 19 14
1 2 0 1 3 14.08135 19 14
1 2 0 1 3 14.08135 19 14
1 2 0 1 3 14.08135 19 14
1 2 0 1 3 14.08135 19 14
1 2 0 1 3 14.08135 19 14
1 2 0 1 3 14.08135 19 14
1 2 0 1 3 14.08135 19 14
1 2 0 1 3 14.08135 19 14
1 2 0 1 3 14.08135 19 14
1 2 0 1 3 14.08135 19 14
1 2 0 1 3 14.08135 19 14
1 2 0 1 3 14.08135 19 14
1 2 0 1 3 14.08135 19 14
1 2 0 1 3 14.08135 19 14
1 2 0 1 3 14.08135 19 14
1 2 0 1 3 14.08135 19 14
1 2 0 1 3 14.08135 19 14
1 2 0 1 3 14.08135 19 14
1 2 0 1 3 14.08135 19 14
1 2 0 1 3 14.08135 19 14
1 2 0 1 3 14.08135 19 14
1 2 0 1 3 14.08135 19 14
1 2 0 1 3 14.08135 19 14
1 2 0 1 3 14.08135 19 14
1 2 0 1 3 14.08135 19 14
1 2 0 1 3 14.08135 19 14
1 2 0 1 3 14.08135 19 14
1 2 0 1 3 14.08135 19 14
1 2 0 1 3 14.08135 19 14
1 2 0 1 3 14.08135 19 14
1 2 0 1 3 14.08135 19 14
1 2 0 1 3 14.08135 19 14
1 2 0 1 3 14.08135 19 14
1 2 0 1 3 14.08135 19 14
1 2 0 1 3 14.08135 19 14
1 2 0 1 3 14.08135 19 14
1 2 0 1 3 14.08135 19 14
1 3 0 1 4 14.0285 19 14
1 2 0 1 3 14.08135 19 14
1 2 0 1 3 14.08135 19 14
1 2 0 1 3 14.08135 19 14
1 2 0 1 3 14.08135 19 14
1 2 0 1 3 14.08135 19 14
1 2 0 1 3 14.08135 19 14
1 2 0 1 3 14.08135 19 14
1 2 0 1 3 14.08135 19 14
1 2 0 1 3 14.08135 19 14
1 2 0 1 3 14.08135 19 14
1 2 0 1 3 14.08135 19 14
1 2 0 1 3 14.08135 19 14
1 2 0 1 3 14.08135 19 14
1 2 0 1 3 14.08135 19 14
1 2 0 1 3 14.08135 19 14
1 2 0 1 3 14.08135 19 14
1 2 0 1 3 14.08135 19 14
1 2 0 1 3 14.08135 19 14
1 2 0 1 3 14.08135 19 14
1 2 0 1 3 14.08135 19 14
1 2 0 1 3 14.08135 19 14
1 2 0 1 3 14.08135 19 14
1 2 0 1 3 14.08135 19 14
1 2 0 1 3 14.08135 19 14
1 2 0 1 3 14.08135 19 14
1 2 0 1 3 14.08135 19 14
1 2 0 1 3 14.08135 19 14
1 2 0 1 3 14.08135 19 14
1 2 0 1 3 14.08135 19 14
1 2 0 1 3 14.08135 19 14
1 2 0 1 3 14.08135 19 14
1 2 0 1 3 14.08135 19 14
1 2 0 1 3 14.08135 19 14
1 2 0 1 3 14.08135 19 14
1 2 0 1 3 14.08135 19 14
1 2 0 1 3 14.08135 19 14
1 2 0 1 3 14.08135 19 14
1 2 0 1 3 14.08135 19 14
1 2 0 1 3 14.08135 19 14
1 2 0 1 3 14.08135 19 14
1 2 0 1 3 14.08135 19 14
1 2 0 1 3 14.08135 19 14
1 2 0 1 3 14.08135 19 14
1 2 0 1 3 14.08135 19 14
1 2 0 1 3 14.08135 19 14
1 2 0 1 3 14.08135 19 14
1 2 0 1 3 14.08135 19 14
1 2 0 1 3 14.08135 19 14
1 2 0 1 3 14.08135 19 14
1 2 0 1 3 14.08135 19 14
1 2 0 1 3 14.08135 19 14
1 2 0 1 3 14.08135 19 14
1 2 0 1 3 14.08135 19 14
1 2 0 1 3 14.08135 19 14
1 3 0 1 4 14.02485 19 14
1 2 0 1 3 14.08135 19 14
1 3 0 1 4 14.05057 19 14
1 2 0 1 3 14.08135 19 14
1 2 0 1 3 14.08135 19 14
1 2 0 1 3 14.08135 19 14
1 2 0 1 3 14.08135 19 14
1 2 0 1 3 14.08135 19 14
1 2 0 1 3 14.08135 19 14
1 2 0 1 3 14.08135 19 14
1 2 0 1 3 14.08135 19 14
1 2 0 1 3 14.08135 19 14
1 2 0 1 3 14.08135 19 14
1 2 0 1 3 14.08135 19 14
1 2 0 1 3 14.08135 19 14
1 2 0 1 3 14.08135 19 14
1 2 0 1 3 14.08135 19 14
1 2 0 1 3 14.08135 19 14
1 2 0 1 3 14.08135 19 14
1 2 0 1 3 14.08135 19 14
1 2 0 1 3 14.08135 19 14
1 2 0 1 3 14.08135 19 14
1 2 0 1 3 14.08135 19 14
1 2 0 1 3 14.08135 19 14
1 2 0 1 3 14.08135 19 14
1 2 0 1 3 14.08135 19 14
1 2 0 1 3 14.08135 19 14
1 2 0 1 3 14.08135 19 14
1 1 0 1 2 14.08135 19 14
2 3 0 0 3 17.27679 19 14
2 4 0 0 4 18.26428 19 14
2 1 0 1 2 14.2166 19 14
2 2 0 0 2 17.56372 19 14
2 3 0 0 3 16.12099 19 14
2 3 0 0 3 17.30086 19 14
2 3 0 0 3 16.53953 19 14
2 2 0 0 2 15.82716 19 14
2 4 0 0 4 18.3345 19 14
2 1 0 0 1 17.29907 19 14
2 5 0 0 5 17.68341 19 14
2 7 0 0 7 17.3073 19 14
2 2 0 0 2 18.00193 19 14
2 4 0 0 4 16.81549 19 14
2 5 0 0 5 17.78847 19 14
2 1 0 0 1 17.21085 19 14
2 3 0 0 3 17.34045 19 14
2 3 0 0 3 17.45646 19 14
2 5 0 0 5 17.97123 19 14
2 3 0 0 3 15.78693 19 14
2 1 0 0 1 16.1271 19 14
2 5 0 0 5 17.36168 19 14
2 4 0 0 4 18.55265 19 14
2 3 0 0 3 17.50279 19 14
2 2 0 0 2 17.19993 19 14
2 2 0 0 2 16.94317 19 14
2 1 0 0 1 16.83059 19 14
2 1 0 0 1 17.57043 19 14
2 1 0 0 1 17.21085 19 14
2 4 0 0 4 17.75594 19 14
2 1 0 0 1 16.1271 19 14
2 1 0 0 1 17.21085 19 14
2 4 0 0 4 17.49095 19 14
2 2 0 0 2 18.08954 19 14
2 2 0 0 2 16.06329 19 14
2 5 0 0 5 17.93666 19 14
2 1 0 0 1 17.13893 19 14
2 4 0 0 4 18.01959 19 14
2 3 0 0 3 17.3758 19 14
2 1 0 0 1 16.86332 19 14
2 5 0 0 5 17.95764 19 14
2 4 0 0 4 17.8406 19 14
2 3 0 0 3 16.80125 19 14
2 2 0 0 2 17.25622 19 14
2 5 0 0 5 15.9907 19 14
2 5 0 0 5 15.91352 19 14
2 2 0 0 2 16.57303 19 14
2 4 0 0 4 18.0687 19 14
2 5 0 0 5 18.04415 19 14
2 2 0 0 2 17.75225 19 14
2 6 0 0 6 18.17718 19 14
2 1 0 1 2 14.15412 19 14
2 2 0 0 2 17.44572 19 14
2 5 0 0 5 17.70865 19 14
2 3 0 0 3 17.34306 19 14
2 2 0 0 2 17.56495 19 14
2 4 0 0 4 16.53298 19 14
2 1 0 0 1 16.1271 19 14
2 1 0 0 1 16.94988 19 14
2 2 0 0 2 16.85935 19 14
2 1 0 0 1 16.86332 19 14
2 4 0 0 4 16.69671 19 14
2 8 0 0 8 17.49619 19 14
2 1 0 0 1 18.58087 19 14
2 5 0 0 5 16.93684 19 14
2 4 0 0 4 18.9741 19 14
2 1 0 0 1 17.21085 19 14
2 5 0 0 5 17.39542 19 14
2 4 0 0 4 18.03026 19 14
2 1 0 0 1 16.1271 19 14
2 3 0 0 3 18.01497 19 14
2 1 0 0 1 16.1271 19 14
2 1 0 1 2 14.07602 19 14
2 2 0 0 2 16.72384 19 14
2 3 0 0 3 17.09056 19 14
2 1 0 0 1 17.29907 19 14
2 2 0 0 2 17.23428 19 14
2 4 0 0 4 17.94677 19 14
2 4 0 0 4 17.63533 19 14
2 3 0 0 3 17.76249 19 14
2 3 0 1 4 15.20967 19 14
2 1 0 0 1 16.1271 19 14
2 1 0 1 2 14.3353 19 14
2 1 0 1 2 14.42291 19 14
2 5 0 0 5 16.75889 19 14
2 1 0 0 1 18.20981 19 14
2 1 0 1 2 14.52247 19 14
2 1 0 1 2 14.44002 19 14
2 2 0 0 2 16.94942 19 14
2 1 0 1 2 14.35527 19 14
2 3 0 0 3 15.89685 19 14
2 1 0 0 1 18.5847 19 14
2 2 0 0 2 18.06566 19 14
2 4 0 0 4 17.68462 19 14
2 1 0 1 2 14.23276 19 14
2 4 0 0 4 16.57001 19 14
2 4 0 0 4 16.40798 19 14
2 2 0 0 2 17.46581 19 14
2 3 0 0 3 18.94608 19 14
2 2 0 0 2 16.83015 19 14
2 1 0 1 2 14.83937 19 14
1 1 0 1 2 15.06761 19 14
2 4 0 0 4 17.70179 19 14
2 2 0 0 2 17.11364 19 14
2 4 0 0 4 17.60112 19 14
2 9 0 0 9 18.30578 19 14
2 3 0 0 3 17.32376 19 14
2 1 0 0 1 16.1271 19 14
2 4 0 0 4 16.49782 19 14
2 2 0 0 2 17.81027 19 14
2 1 0 0 1 16.1271 19 14
2 2 0 0 2 18.15512 19 14
2 3 0 0 3 17.65814 19 14
2 1 0 0 1 16.1271 19 14
2 1 0 1 2 14.30212 19 14
2 3 0 0 3 17.13703 19 14
2 1 0 1 2 14.09213 19 14
2 1 0 0 1 16.1271 19 14
2 5 0 0 5 17.0877 19 14
2 2 0 0 2 17.86604 19 14
2 1 0 1 2 14.87644 19 14
2 3 0 0 3 18.43139 19 14
2 4 0 0 4 17.25901 19 14
2 4 0 0 4 17.47763 19 14
2 1 0 0 1 17.5768 19 14
2 4 0 0 4 17.3995 19 14
2 1 0 0 1 16.86332 19 14
2 4 0 0 4 16.54154 19 14
2 1 0 0 1 16.86332 19 14
2 5 0 0 5 16.32465 19 14
2 1 0 0 1 16.1271 19 14
2 2 0 0 2 16.41351 19 14
2 6 0 0 6 18.37841 19 14
2 3 0 0 3 17.12099 19 14
2 4 0 0 4 18.16026 19 14
2 1 0 0 1 16.83059 19 14
2 1 0 0 1 18.1423 19 14
2 2 0 0 2 17.12673 19 14
2 3 0 0 3 16.9162 19 14
2 1 0 0 1 16.1271 19 14
2 3 0 0 3 14.40756 19 14
2 4 0 0 4 18.01924 19 14
2 3 0 0 3 16.365 19 14
2 2 0 0 2 16.60108 19 14
2 4 0 0 4 17.31099 19 14
2 3 0 1 4 14.45203 19 14
2 4 0 0 4 17.56253 19 14
2 4 0 0 4 17.21101 19 14
2 4 0 0 4 16.89527 19 14
2 4 0 0 4 16.47756 19 14
2 2 0 0 2 16.94465 19 14
2 4 0 0 4 17.89795 19 14
2 6 0 0 6 18.12313 19 14
2 1 0 1 2 14.30305 19 14
2 4 0 0 4 16.83896 19 14
2 2 0 0 2 16.12065 19 14
2 2 0 1 3 14.18236 19 14
2 1 0 0 1 16.83059 19 14
2 4 0 0 4 17.22368 19 14
2 3 0 0 3 16.95058 19 14
2 2 0 0 2 17.60408 19 14
2 1 0 0 1 16.1271 19 14
1 1 0 1 2 14.07569 19 14
2 3 0 0 3 15.80638 19 14
2 1 0 0 1 16.86332 19 14
2 3 0 0 3 18.40435 19 14
2 2 0 1 3 14.15484 19 14
2 3 0 0 3 16.78018 19 14
2 4 0 0 4 18.14247 19 14
2 4 0 0 4 16.76987 19 14
2 2 0 0 2 17.11348 19 14
2 1 0 0 1 17.5768 19 14
2 1 0 0 1 18.05419 19 14
2 5 0 0 5 17.06855 19 14
2 1 0 1 2 14.28419 19 14
2 5 0 0 5 17.89691 19 14
2 2 0 0 2 16.10925 19 14
2 2 0 0 2 17.65189 19 14
2 2 0 0 2 17.29794 19 14
2 2 0 1 3 14.68734 19 14
2 1 0 0 1 16.1271 19 14
2 1 0 0 1 16.94988 19 14
2 3 0 0 3 17.38517 19 14
2 2 0 0 2 16.12524 19 14
2 7 0 0 7 17.93441 19 14
2 3 0 0 3 17.71728 19 14
2 5 0 0 5 17.87556 19 14
2 1 0 0 1 17.13893 19 14
2 1 0 0 1 17.78944 19 14
2 3 0 0 3 18.14925 19 14
2 3 0 0 3 18.80881 19 14
2 2 0 0 2 18.33579 19 14
2 3 0 0 3 18.37752 19 14
2 4 0 0 4 17.94106 19 14
2 2 0 0 2 18.03424 19 14
2 1 0 0 1 17.13893 19 14
2 1 0 0 1 16.1271 19 14
2 4 0 0 4 17.45867 19 14
2 3 0 0 3 18.37113 19 14
2 3 0 0 3 16.5955 19 14
2 4 0 0 4 17.57898 19 14
2 5 0 0 5 17.66662 19 14
2 5 0 0 5 17.7595 19 14
2 1 0 0 1 16.94988 19 14
2 3 0 0 3 18.29455 19 14
2 4 0 0 4 17.89489 19 14
2 1 0 0 1 16.1271 19 14
2 1 0 1 2 14.41425 19 14
2 2 0 0 2 17.85234 19 14
2 3 0 0 3 17.40459 19 14
2 3 0 0 3 15.92275 19 14
2 5 0 0 5 16.67107 19 14
2 3 0 0 3 18.79555 19 14
2 1 0 0 1 16.86332 19 14
2 4 0 0 4 16.64905 19 14
2 3 0 0 3 18.30279 19 14
2 1 0 0 1 17.81485 19 14
2 2 0 0 2 17.37627 19 14
2 2 0 0 2 15.89447 19 14
2 2 0 0 2 15.44235 19 14
2 4 0 0 4 16.93332 19 14
2 2 0 0 2 17.48147 19 14
2 4 0 0 4 17.40446 19 14
2 2 0 0 2 16.75531 19 14
2 2 0 0 2 17.18021 19 14
2 2 0 0 2 17.21114 19 14
2 3 0 0 3 18.84921 19 14
2 3 0 0 3 17.64094 19 14
2 5 0 0 5 18.18548 19 14
2 3 0 0 3 17.31912 19 14
2 4 0 0 4 17.81796 19 14
2 6 0 0 6 17.78246 19 14
2 3 0 0 3 17.79269 19 14
2 2 0 0 2 16.15615 19 14
2 3 0 0 3 18.50949 19 14
2 4 0 0 4 18.45889 19 14
2 1 0 0 1 17.48728 19 14
2 5 0 0 5 16.98035 19 14
2 5 0 0 5 17.53786 19 14
2 1 0 0 1 18.20142 19 14
2 1 0 0 1 17.13893 19 14
2 6 0 0 6 18.15754 19 14
2 2 0 0 2 17.06846 19 14
2 1 0 0 1 17.29907 19 14
2 5 0 0 5 17.42061 19 14
2 5 0 0 5 18.10255 19 14
2 3 0 0 3 18.81624 19 14
2 3 0 0 3 17.47903 19 14
2 3 0 0 3 17.86984 19 14
2 1 0 0 1 17.51188 19 14
2 7 0 0 7 17.74998 19 14
2 6 0 0 6 18.20678 19 14
2 2 0 0 2 17.19374 19 14
2 2 0 0 2 17.47287 19 14
2 2 0 0 2 17.26832 19 14
2 5 0 0 5 16.40375 19 14
2 4 0 0 4 16.85661 19 14
2 3 0 0 3 16.81251 19 14
2 3 0 0 3 16.96158 19 14
2 1 0 0 1 17.5768 19 14
2 3 0 0 3 17.2586 19 14
2 3 0 0 3 18.39731 19 14
2 5 0 0 5 15.84773 19 14
2 3 0 0 3 18.08862 19 14
2 3 0 0 3 17.52276 19 14
2 3 0 0 3 18.43025 19 14
2 3 0 0 3 18.52787 19 14
2 2 0 0 2 16.85853 19 14
2 1 0 1 2 14.19631 19 14
2 4 0 0 4 17.6871 19 14
2 8 0 0 8 17.297 19 14
2 6 0 0 6 18.2899 19 14
2 2 0 0 2 17.54423 19 14
2 4 0 0 4 17.53146 19 14
2 2 0 0 2 17.08812 19 14
2 7 0 0 7 17.92581 19 14
2 3 0 0 3 16.69216 19 14
2 3 0 0 3 16.32182 19 14
2 1 0 1 2 14.00442 19 14
2 1 0 0 1 16.1271 19 14
2 2 0 0 2 18.24388 19 14
2 1 0 1 2 14.17031 19 14
2 4 0 0 4 16.93481 19 14
2 2 0 0 2 16.44227 19 14
2 2 0 0 2 18.02839 19 14
2 2 0 0 2 17.88777 19 14
2 1 0 0 1 16.86332 19 14
2 1 0 0 1 16.86332 19 14
2 2 0 0 2 17.08975 19 14
2 4 0 0 4 17.36537 19 14
2 2 0 0 2 16.83957 19 14
2 2 0 0 2 17.04629 19 14
2 2 0 0 2 15.98215 19 14
2 3 0 0 3 17.21043 19 14
2 2 0 0 2 17.44582 19 14
2 1 0 0 1 16.94988 19 14
2 2 0 0 2 16.12145 19 14
2 3 0 0 3 16.08407 19 14
2 3 0 0 3 16.49818 19 14
2 5 0 0 5 17.19312 19 14
2 3 0 0 3 17.74018 19 14
2 5 0 0 5 18.4499 19 14
2 5 0 0 5 17.24574 19 14
2 4 0 0 4 17.40325 19 14
2 1 0 0 1 17.78944 19 14
2 6 0 0 6 17.34814 19 14
2 2 0 0 2 17.47769 19 14
2 2 0 0 2 17.92442 19 14
2 4 0 0 4 17.0413 19 14
2 4 0 0 4 18.14844 19 14
2 1 0 0 1 16.1271 19 14
2 3 0 0 3 17.12618 19 14
2 2 0 0 2 17.22202 19 14
2 2 0 0 2 16.11548 19 14
2 1 0 0 1 16.94988 19 14
2 3 0 0 3 17.63177 19 14
2 3 0 0 3 18.3199 19 14
2 5 0 0 5 18.55791 19 14
2 2 0 0 2 18.47268 19 14
2 1 0 0 1 17.81485 19 14
2 1 0 1 2 14.88702 19 14
2 1 0 1 2 14.28962 19 14
2 3 0 0 3 16.11603 19 14
2 4 0 0 4 16.38423 19 14
2 1 0 0 1 16.86332 19 14
2 1 0 0 1 17.13893 19 14
2 1 0 0 1 18.46306 19 14
2 4 0 0 4 15.97432 19 14
2 3 0 0 3 16.95055 19 14
2 1 0 1 2 14.07707 19 14
2 1 0 1 2 14.00647 19 14
2 1 0 0 1 17.21085 19 14
2 2 0 0 2 17.27198 19 14
2 2 0 0 2 17.2295 19 14
2 2 0 0 2 17.2909 19 14
2 2 0 0 2 16.57339 19 14
2 2 0 0 2 17.20937 19 14
2 3 0 0 3 17.13645 19 14
2 1 0 0 1 17.21085 19 14
2 2 0 0 2 17.24927 19 14
2 2 0 0 2 17.79013 19 14
2 1 0 0 1 17.13893 19 14
2 1 0 0 1 16.1271 19 14
2 2 0 1 3 14.40013 19 14
2 2 0 0 2 16.6029 19 14
2 4 0 0 4 18.78848 19 14
2 1 0 0 1 17.57043 19 14
2 3 0 0 3 17.22263 19 14
2 3 0 0 3 17.58422 19 14
2 3 0 0 3 17.6897 19 14
2 2 0 0 2 17.81462 19 14
2 2 0 0 2 16.84751 19 14
2 1 0 0 1 16.86332 19 14
2 3 0 0 3 17.3864 19 14
2 1 0 1 2 14.41321 19 14
2 2 0 0 2 17.96296 19 14
2 1 0 0 1 17.51188 19 14
2 6 0 0 6 16.1641 19 14
2 5 0 0 5 16.96752 19 14
2 6 0 0 6 18.79252 19 14
2 3 0 0 3 17.32066 19 14
2 1 0 0 1 16.86332 19 14
2 1 0 0 1 18.9619 19 14
2 5 0 0 5 17.06879 19 14
2 6 0 0 6 18.21006 19 14
2 3 0 0 3 18.04997 19 14
2 5 0 0 5 17.89857 19 14
2 4 0 0 4 17.21545 19 14
2 2 0 0 2 17.83394 19 14
2 5 0 0 5 15.9422 19 14
2 3 0 0 3 17.53065 19 14
2 2 0 0 2 17.54956 19 14
2 4 0 0 4 17.16268 19 14
2 2 0 0 2 16.86326 19 14
2 2 0 0 2 16.56634 19 14
2 2 0 0 2 16.67723 19 14
2 2 0 0 2 16.93766 19 14
2 1 0 0 1 16.86332 19 14
2 3 0 0 3 16.94711 19 14
2 2 0 0 2 17.65989 19 14
2 2 0 0 2 17.51988 19 14
2 3 0 0 3 18.21261 19 14
2 1 0 0 1 16.1271 19 14
2 2 0 1 3 14.6891 19 14
2 3 0 0 3 14.53402 19 14
2 3 0 0 3 17.28775 19 14
2 2 0 0 2 17.59662 19 14
2 4 0 0 4 16.52842 19 14
2 2 0 0 2 18.12003 19 14
2 3 0 0 3 15.77386 19 14
2 3 0 0 3 16.93628 19 14
2 1 0 0 1 16.83059 19 14
END
