9.298941092277151028e-27
1.093024053726768424e-26
1.249755762930041235e-26
1.395375716476582531e-26
1.526494599279954207e-26
1.641000644308402769e-26
1.737998623506896862e-26
1.817724479009079386e-26
1.881379585713577232e-26
1.930859355148020007e-26
1.968418637539218375e-26
1.996356914164290252e-26
2.016789796358252363e-26
2.031526155440822019e-26
2.042032324532250906e-26
2.049451270425817711e-26
2.054648259494951900e-26
2.058263989501196501e-26
2.060764823835920324e-26
2.062485670102688654e-26
2.063664425006654358e-26
2.064468564407386527e-26
2.065015104989592357e-26
2.065385285255952673e-26
2.065635194369745230e-26
2.065803372186824343e-26
2.065916188852397194e-26
2.065991620690046334e-26
2.066041881536525036e-26
2.066075245227690560e-26
2.066097301218396108e-26
2.066111815713488574e-26
2.066121319879818781e-26
2.066127510185741845e-26
2.066131520010349118e-26
2.066134103474394893e-26
2.066135759728387160e-26
2.066136817025372194e-26
2.066137489650555292e-26
2.066137916443731218e-26
2.066138186744729214e-26
2.066138357712911149e-26
2.066138465758174505e-26
2.066138533999648557e-26
2.066138577085084323e-26
2.066138604281373855e-26
2.066138621445560962e-26
2.066138632277224830e-26
2.066138639112262432e-26
2.066138643425160963e-26
2.066138646146529969e-26
