1.589247262990931763e-27
1.598972631549961540e-27
1.607196663406239967e-27
1.614047061057454322e-27
1.619664444604990216e-27
1.624197302722788561e-27
1.627796080965790412e-27
1.630607213487328329e-27
1.632767905987005285e-27
1.634402248381434036e-27
1.635618892743502605e-27
1.636510219262591918e-27
1.637152716153243629e-27
1.637608223380676249e-27
1.637925691512342561e-27
1.638143141441554770e-27
1.638289568028272023e-27
1.638386632937599924e-27
1.638450123185745950e-27
1.638491226741252803e-27
1.638517656292411965e-27
1.638534605580451044e-27
1.638545514884089921e-27
1.638552647186980789e-27
1.638557502107653805e-27
1.638561105815227366e-27
1.638564213785957446e-27
1.638567455297771892e-27
1.638571437401641581e-27
1.638576812333736670e-27
1.638584296776671384e-27
1.638594621601080175e-27
1.638608404168013779e-27
1.638625984028131899e-27
1.638647314708499626e-27
1.638671988813997601e-27
1.638699381226712144e-27
1.638728819805680673e-27
1.638759704904564157e-27
1.638791557548788387e-27
1.638824016480963609e-27
1.638856810787171106e-27
1.638889725358098017e-27
1.638922566098457503e-27
1.638955125898271181e-27
1.638987150084929798e-27
1.639018301384137045e-27
1.639048129472383882e-27
1.639076059706651437e-27
1.639101426004926226e-27
1.639123572087923333e-27
