10^5 initial neutrinos of type 2 at energy 1E+19. 
type, NC, CC, DC, InitNuNum, Gen, OutEnergy, InitEnergy.
2 4 0 0 2898 4 15.45556 19 
2 1 0 1 10592 2 14.06308 19 
2 3 0 0 12355 3 15.2687 19 
2 4 0 0 14849 4 17.108 19 
2 3 0 0 15991 3 15.67609 19 
2 5 0 0 16805 5 15.91477 19 
2 1 0 1 27749 2 14.65152 19 
2 4 0 1 47718 5 14.13208 19 
2 4 0 1 48399 5 14.90336 19 
2 1 0 1 53515 2 14.37595 19 
2 2 0 1 67658 3 14.52711 19 
2 2 0 0 73147 2 14.11374 19 
2 1 0 1 80931 2 14.36185 19 
2 2 0 0 83220 2 15.33913 19 
2 1 0 0 95649 1 16.1271 19 
END
