10^5 initial neutrinos of type 2 at energy 1E+19. 
type, NC, CC, DC, InitNuNum, Gen, OutEnergy, InitEnergy.
2 3 0 0 31 3 18.77708 19 
2 3 0 0 53 3 18.92733 19 
2 0 0 0 88 0 19 19 
2 3 0 0 105 3 18.89516 19 
2 2 0 0 146 2 16.77509 19 
2 4 0 0 181 4 18.26195 19 
2 2 0 0 215 2 18.68875 19 
2 2 0 0 288 2 18.96435 19 
2 3 0 0 365 3 18.31279 19 
2 0 0 0 403 0 19 19 
2 0 0 0 428 0 19 19 
2 4 0 0 503 4 16.0523 19 
2 1 0 0 614 1 18.99993 19 
2 0 0 0 643 0 19 19 
2 2 0 0 804 2 18.5383 19 
2 4 0 0 805 4 17.22979 19 
2 5 0 0 837 5 18.69138 19 
2 1 0 0 945 1 18.96882 19 
2 3 0 0 958 3 17.77857 19 
2 1 0 0 960 1 18.99954 19 
2 1 0 0 963 1 18.063 19 
2 1 0 0 986 1 17.66567 19 
2 3 0 0 1068 3 18.58301 19 
2 2 0 0 1094 2 18.75923 19 
2 1 0 0 1120 1 18.28499 19 
2 4 0 0 1162 4 18.92824 19 
2 1 0 0 1274 1 18.70144 19 
2 2 0 0 1334 2 18.33104 19 
2 2 0 0 1489 2 18.38022 19 
2 1 0 0 1572 1 18.20981 19 
2 2 0 0 1593 2 17.54056 19 
2 2 0 0 1850 2 18.99938 19 
2 1 0 0 1872 1 18.99795 19 
2 2 0 0 1948 2 18.96102 19 
2 4 0 0 1954 4 18.77252 19 
2 2 0 0 2042 2 18.96986 19 
2 2 0 0 2087 2 18.11112 19 
2 3 0 0 2173 3 18.23327 19 
2 1 0 0 2219 1 18.89097 19 
2 3 0 0 2504 3 16.9745 19 
2 1 0 0 2573 1 18.97612 19 
2 5 0 0 2625 5 18.03227 19 
2 2 0 0 2642 2 18.9491 19 
2 1 0 0 2785 1 18.59632 19 
2 1 0 1 2838 2 14.42446 19 
2 4 0 0 2862 4 18.5923 19 
2 2 0 0 2987 2 18.98099 19 
2 1 0 0 3012 1 18.98989 19 
2 2 0 0 3032 2 18.40145 19 
2 2 0 0 3063 2 18.6632 19 
2 1 0 0 3108 1 18.96165 19 
2 1 0 0 3225 1 17.5768 19 
2 1 0 0 3326 1 18.99891 19 
2 2 0 0 3374 2 16.82687 19 
2 3 0 0 3424 3 17.82741 19 
2 1 0 0 3438 1 18.6904 19 
2 4 0 0 3532 4 18.32789 19 
2 1 0 0 3711 1 18.9011 19 
2 1 0 0 3725 1 17.48728 19 
2 1 0 0 3773 1 18.33586 19 
2 1 0 0 3969 1 18.59703 19 
2 3 0 0 4066 3 18.69383 19 
2 3 0 0 4114 3 18.47585 19 
2 2 0 0 4189 2 18.00247 19 
2 1 0 0 4300 1 18.60364 19 
2 1 0 0 4327 1 17.13893 19 
2 2 0 0 4432 2 18.44362 19 
2 4 0 0 4442 4 18.37498 19 
2 3 0 0 4541 3 18.00485 19 
2 2 0 0 4567 2 18.89788 19 
2 0 0 0 4574 0 19 19 
2 1 0 0 4623 1 18.53311 19 
2 2 0 0 4669 2 18.304 19 
2 2 0 0 4724 2 18.31628 19 
2 1 0 0 4752 1 16.1271 19 
2 3 0 0 4772 3 18.35157 19 
2 2 0 0 4795 2 17.60026 19 
2 3 0 0 4813 3 17.98497 19 
2 2 0 0 4874 2 18.97719 19 
2 3 0 0 4962 3 17.75668 19 
2 2 0 0 4968 2 17.56181 19 
2 1 0 0 5098 1 17.44607 19 
2 2 0 0 5161 2 18.11996 19 
2 3 0 0 5167 3 16.92098 19 
2 1 0 0 5183 1 18.88264 19 
2 1 0 0 5192 1 17.5768 19 
2 1 0 0 5224 1 16.1271 19 
2 0 0 0 5266 0 19 19 
2 4 0 0 5285 4 18.89843 19 
2 1 0 0 5311 1 18.96569 19 
2 2 0 0 5329 2 18.03214 19 
2 2 0 0 5479 2 17.77963 19 
2 2 0 0 5541 2 18.30956 19 
2 4 0 0 5546 4 17.64914 19 
2 1 0 0 5695 1 18.90706 19 
2 1 0 0 5711 1 18.76964 19 
2 3 0 0 5748 3 18.88103 19 
2 0 0 0 5751 0 19 19 
2 1 0 0 5811 1 18.99326 19 
2 3 0 0 6022 3 18.55385 19 
2 2 0 0 6068 2 18.96099 19 
2 3 0 0 6102 3 18.3312 19 
2 3 0 0 6186 3 16.8579 19 
2 1 0 0 6206 1 18.92883 19 
2 1 0 0 6457 1 18.99969 19 
2 3 0 0 6531 3 18.93545 19 
2 2 0 0 6545 2 18.99489 19 
2 1 0 0 6682 1 16.1271 19 
2 1 0 0 6702 1 18.85664 19 
2 2 0 0 6757 2 18.97058 19 
2 3 0 0 6818 3 18.6784 19 
2 2 0 0 6820 2 17.71887 19 
2 1 0 0 6879 1 17.81485 19 
2 1 0 0 6905 1 16.83059 19 
2 3 0 0 6939 3 18.69529 19 
2 4 0 0 6989 4 18.68283 19 
2 0 0 0 7028 0 19 19 
2 3 0 0 7133 3 18.91322 19 
2 2 0 0 7165 2 18.31972 19 
2 2 0 0 7200 2 16.69713 19 
2 1 0 0 7212 1 18.063 19 
2 3 0 0 7397 3 17.47215 19 
2 3 0 0 7456 3 16.76267 19 
2 2 0 0 7507 2 18.75049 19 
2 1 0 0 7532 1 16.1271 19 
2 3 0 0 7552 3 18.84847 19 
2 2 0 0 7729 2 17.87411 19 
2 3 0 0 7810 3 18.47852 19 
2 2 0 0 7833 2 18.78039 19 
2 2 0 0 7886 2 18.42559 19 
2 5 0 0 7944 5 18.59152 19 
2 3 0 0 7968 3 15.54872 19 
2 4 0 0 8037 4 17.98301 19 
2 1 0 0 8237 1 18.97426 19 
2 2 0 0 8308 2 18.42 19 
2 2 0 0 8321 2 17.19764 19 
2 2 0 0 8351 2 18.39919 19 
2 1 0 0 8447 1 18.99977 19 
2 1 0 0 8482 1 18.30899 19 
2 1 0 0 8514 1 18.98856 19 
2 4 0 0 8524 4 18.61234 19 
2 2 0 0 8559 2 18.92492 19 
2 1 0 0 8631 1 18.93619 19 
2 2 0 0 8822 2 18.78014 19 
2 0 0 0 8881 0 19 19 
2 2 0 0 8887 2 18.77897 19 
2 1 0 0 9001 1 18.9619 19 
2 2 0 0 9063 2 18.64787 19 
2 2 0 0 9226 2 18.98182 19 
2 1 0 0 9252 1 18.72295 19 
2 4 0 0 9705 4 17.957 19 
2 6 0 0 9882 6 18.57861 19 
2 2 0 0 10094 2 17.8031 19 
2 2 0 0 10098 2 17.44538 19 
2 4 0 0 10145 4 18.53918 19 
2 0 0 0 10150 0 19 19 
2 5 0 0 10162 5 18.84426 19 
2 1 0 0 10207 1 17.48728 19 
2 3 0 0 10210 3 17.99229 19 
2 3 0 0 10225 3 18.44911 19 
2 1 0 0 10241 1 18.45927 19 
2 2 0 0 10311 2 18.75745 19 
2 1 0 0 10507 1 18.76041 19 
2 1 0 0 10579 1 16.83059 19 
2 2 0 0 10585 2 17.93219 19 
2 1 0 0 10617 1 18.96165 19 
2 4 0 0 10635 4 17.86944 19 
2 4 0 0 10672 4 18.51814 19 
2 2 0 0 10717 2 18.97545 19 
2 1 0 0 10738 1 17.51188 19 
2 3 0 0 10929 3 18.88135 19 
2 3 0 0 10934 3 18.97192 19 
2 1 0 0 11013 1 18.91067 19 
2 1 0 0 11071 1 18.95042 19 
2 3 0 0 11075 3 18.7595 19 
2 1 0 0 11302 1 18.63872 19 
2 2 0 0 11358 2 18.76718 19 
2 0 0 0 11461 0 19 19 
2 2 0 0 11532 2 18.97894 19 
2 1 0 0 11581 1 18.9114 19 
2 2 0 0 11769 2 18.50183 19 
2 3 0 0 11773 3 18.7062 19 
2 1 0 0 11777 1 18.99082 19 
2 3 0 0 11968 3 18.54714 19 
2 4 0 0 11994 4 18.90047 19 
2 2 0 0 12042 2 16.82416 19 
2 2 0 0 12097 2 18.18343 19 
2 4 0 0 12155 4 17.92257 19 
2 2 0 0 12158 2 18.16408 19 
2 3 0 0 12279 3 16.47923 19 
2 2 0 0 12299 2 18.08549 19 
2 2 0 0 12358 2 18.46541 19 
2 1 0 0 12524 1 18.3662 19 
2 1 0 0 12535 1 18.59703 19 
2 2 0 0 12552 2 18.90549 19 
2 2 0 0 12729 2 17.69244 19 
2 2 0 0 12771 2 18.99993 19 
2 2 0 0 12779 2 18.57348 19 
2 2 0 0 12859 2 18.89855 19 
2 0 0 0 12939 0 19 19 
2 2 0 0 12945 2 18.2201 19 
2 2 0 0 13171 2 18.97143 19 
2 1 0 0 13186 1 18.91126 19 
2 3 0 0 13311 3 18.23128 19 
2 1 0 0 13338 1 18.27704 19 
2 1 0 0 13445 1 18.34651 19 
2 2 0 0 13461 2 18.90058 19 
2 3 0 0 13505 3 18.7034 19 
2 3 0 0 13575 3 18.83442 19 
2 0 0 0 13660 0 19 19 
2 3 0 0 13690 3 18.57044 19 
2 5 0 0 13701 5 18.51633 19 
2 3 0 0 13720 3 15.63364 19 
2 0 0 0 13801 0 19 19 
2 2 0 0 13856 2 18.16536 19 
2 2 0 0 14030 2 18.66431 19 
2 4 0 0 14122 4 16.97392 19 
2 1 0 0 14123 1 18.76272 19 
2 3 0 0 14289 3 18.77113 19 
2 1 0 0 14357 1 18.41484 19 
2 2 0 0 14378 2 16.91472 19 
2 0 0 0 14430 0 19 19 
2 0 0 0 14439 0 19 19 
2 2 0 0 14549 2 18.28919 19 
2 3 0 0 14641 3 18.02252 19 
2 1 0 0 14837 1 18.20981 19 
2 4 0 0 14888 4 18.84745 19 
2 1 0 0 15084 1 16.1271 19 
2 6 0 0 15091 6 17.94719 19 
2 0 0 0 15120 0 19 19 
2 2 0 0 15183 2 18.9322 19 
2 2 0 0 15319 2 18.9859 19 
2 1 0 0 15449 1 18.97152 19 
2 3 0 0 15639 3 18.78126 19 
2 3 0 0 15683 3 16.66954 19 
2 1 0 0 15715 1 18.063 19 
2 2 0 0 15857 2 18.60699 19 
2 1 0 0 15932 1 17.13893 19 
2 3 0 0 15990 3 17.47321 19 
2 4 0 0 16072 4 18.30435 19 
2 1 0 0 16167 1 17.66567 19 
2 4 0 0 16174 4 17.91947 19 
2 1 0 0 16175 1 16.1271 19 
2 2 0 0 16245 2 18.93519 19 
2 0 0 0 16373 0 19 19 
2 1 0 0 16502 1 18.063 19 
2 0 0 0 16681 0 19 19 
2 2 0 0 16700 2 18.35269 19 
2 3 0 0 16808 3 16.68008 19 
2 1 0 0 16870 1 17.78944 19 
2 5 0 0 16940 5 18.55671 19 
2 1 0 0 17152 1 18.41091 19 
2 1 0 0 17303 1 17.13893 19 
2 3 0 0 17400 3 17.30341 19 
2 4 0 0 17435 4 18.91128 19 
2 4 0 0 17493 4 18.7833 19 
2 2 0 0 17546 2 18.83256 19 
2 3 0 0 17558 3 18.4008 19 
2 1 0 0 17568 1 18.987 19 
2 2 0 0 17598 2 18.35683 19 
2 1 0 0 17609 1 18.45927 19 
2 2 0 0 17763 2 18.9072 19 
2 0 0 0 17765 0 19 19 
2 1 0 0 17802 1 18.99932 19 
2 1 0 0 17824 1 18.63081 19 
2 5 0 0 18171 5 18.41634 19 
2 1 0 0 18227 1 18.63382 19 
2 1 0 0 18244 1 18.93975 19 
2 4 0 0 18317 4 17.58103 19 
2 2 0 0 18328 2 18.25373 19 
2 3 0 0 18338 3 17.61285 19 
2 4 0 0 18468 4 18.051 19 
2 1 0 0 18515 1 16.1271 19 
2 2 0 0 18562 2 17.84457 19 
2 1 0 0 18705 1 17.21085 19 
2 1 0 0 18861 1 18.00796 19 
2 3 0 0 18866 3 18.41076 19 
2 2 0 0 18931 2 18.90664 19 
2 1 0 0 18936 1 18.25969 19 
2 1 0 0 19000 1 16.86332 19 
2 1 0 0 19017 1 18.99651 19 
2 2 0 0 19031 2 18.05938 19 
2 0 0 0 19101 0 19 19 
2 1 0 0 19165 1 18.76964 19 
2 1 0 0 19239 1 18.80861 19 
2 6 0 0 19277 6 18.87112 19 
2 1 0 0 19290 1 18.82287 19 
2 5 0 0 19311 5 17.21183 19 
2 4 0 0 19436 4 18.73885 19 
2 3 0 0 19483 3 18.76646 19 
2 4 0 0 19512 4 17.61419 19 
2 1 0 0 19595 1 18.9366 19 
2 5 0 0 19627 5 18.55029 19 
2 3 0 0 19656 3 16.00332 19 
2 1 0 0 19661 1 16.94988 19 
2 1 0 0 19770 1 19 19 
2 1 0 0 19994 1 18.66739 19 
2 1 0 0 19996 1 18.93221 19 
2 2 0 0 20029 2 18.9335 19 
2 1 0 0 20100 1 18.99461 19 
2 1 0 0 20103 1 16.86332 19 
2 1 0 0 20121 1 18.58087 19 
2 2 0 0 20209 2 17.01264 19 
2 3 0 0 20297 3 18.20152 19 
2 1 0 0 20349 1 18.91745 19 
2 5 0 0 20405 5 17.83278 19 
2 0 0 0 20535 0 19 19 
2 5 0 0 20629 5 18.1026 19 
2 2 0 0 20694 2 18.96946 19 
2 0 0 0 20747 0 19 19 
2 1 0 0 20751 1 18.3542 19 
2 2 0 0 20785 2 16.84367 19 
2 2 0 0 20958 2 18.2597 19 
2 2 0 0 21018 2 18.27814 19 
2 1 0 0 21036 1 18.42369 19 
2 1 0 0 21039 1 17.5768 19 
2 1 0 0 21074 1 18.99977 19 
2 1 0 0 21171 1 17.13893 19 
2 3 0 0 21352 3 18.01518 19 
2 4 0 0 21357 4 17.45183 19 
2 2 0 0 21369 2 18.47499 19 
2 2 0 0 21389 2 18.91044 19 
2 3 0 0 21406 3 18.81198 19 
2 3 0 0 21521 3 18.11395 19 
2 3 0 0 21566 3 17.08277 19 
2 3 0 0 21567 3 18.24298 19 
2 0 0 0 21578 0 19 19 
2 1 0 0 21699 1 16.1271 19 
2 1 0 0 21743 1 18.9946 19 
2 2 0 0 21793 2 18.80184 19 
2 3 0 0 21824 3 18.25959 19 
2 1 0 0 21887 1 18.99795 19 
2 1 0 0 21907 1 18.96129 19 
2 4 0 0 22111 4 17.84118 19 
2 4 0 0 22155 4 18.47812 19 
2 2 0 0 22282 2 18.65656 19 
2 1 0 0 22324 1 18.86292 19 
2 1 0 0 22391 1 18.25375 19 
2 3 0 0 22486 3 18.82637 19 
2 3 0 0 22567 3 18.7091 19 
2 1 0 0 22578 1 18.72652 19 
2 4 0 0 22627 4 18.539 19 
2 2 0 0 22675 2 18.86941 19 
2 2 0 0 22722 2 18.84208 19 
2 1 0 0 22786 1 18.25969 19 
2 1 0 0 22800 1 16.83059 19 
2 2 0 0 22814 2 17.19194 19 
2 1 0 0 22844 1 16.94988 19 
2 2 0 0 22940 2 18.98472 19 
2 0 0 0 23003 0 19 19 
2 2 0 0 23072 2 18.73963 19 
2 1 0 0 23078 1 18.99994 19 
2 3 0 1 23383 4 14.20053 19 
2 3 0 0 23415 3 18.76074 19 
2 3 0 0 23508 3 18.6566 19 
2 1 0 0 23605 1 18.98901 19 
2 2 0 0 23628 2 17.29899 19 
2 0 0 0 23700 0 19 19 
2 1 0 0 23734 1 18.26098 19 
2 2 0 0 23751 2 18.92958 19 
2 2 0 0 23819 2 18.64171 19 
2 2 0 0 23828 2 18.97661 19 
2 2 0 0 23844 2 16.81817 19 
2 2 0 0 24172 2 18.72257 19 
2 2 0 0 24202 2 18.99437 19 
2 1 0 0 24241 1 18.99994 19 
2 2 0 0 24281 2 17.07614 19 
2 1 0 0 24427 1 17.87506 19 
2 2 0 0 24491 2 17.65879 19 
2 3 0 0 24497 3 17.58157 19 
2 0 0 0 24505 0 19 19 
2 3 0 0 24514 3 18.92639 19 
2 3 0 0 24596 3 17.42386 19 
2 3 0 0 24651 3 18.8475 19 
2 2 0 0 24756 2 18.8909 19 
2 3 0 0 24758 3 17.41269 19 
2 4 0 0 24895 4 18.06177 19 
2 1 0 0 24905 1 18.98593 19 
2 6 0 0 24948 6 17.50015 19 
2 2 0 0 25182 2 18.65819 19 
2 4 0 0 25183 4 18.46506 19 
2 0 0 0 25219 0 19 19 
2 1 0 0 25263 1 18.99409 19 
2 3 0 0 25310 3 18.39212 19 
2 2 0 0 25318 2 17.89955 19 
2 1 0 0 25339 1 18.31372 19 
2 1 0 0 25376 1 16.1271 19 
2 1 0 0 25491 1 16.83059 19 
2 2 0 0 25516 2 18.79912 19 
2 1 0 0 25520 1 17.29907 19 
2 0 0 0 25588 0 19 19 
2 2 0 0 25831 2 18.70893 19 
2 2 0 0 25981 2 17.95903 19 
2 2 0 0 26011 2 18.80094 19 
2 3 0 0 26049 3 18.84499 19 
2 3 0 0 26210 3 18.87883 19 
2 2 0 0 26302 2 17.44105 19 
2 1 0 0 26308 1 18.94404 19 
2 4 0 0 26339 4 17.22629 19 
2 1 0 0 26550 1 18.98778 19 
2 5 0 0 26595 5 17.60278 19 
2 2 0 0 26596 2 18.09459 19 
2 2 0 0 26669 2 18.88645 19 
2 2 0 0 26703 2 18.19858 19 
2 2 0 0 26742 2 18.91452 19 
2 1 0 0 26825 1 18.60791 19 
2 1 0 0 26967 1 17.13893 19 
2 1 0 0 27081 1 17.21085 19 
2 3 0 0 27085 3 18.58521 19 
2 1 0 0 27152 1 18.9955 19 
2 2 0 0 27194 2 18.98455 19 
2 3 0 0 27210 3 18.8842 19 
2 3 0 0 27236 3 17.58769 19 
2 1 0 0 27302 1 16.83059 19 
2 2 0 0 27353 2 18.0728 19 
2 2 0 0 27448 2 18.98593 19 
2 1 0 0 27470 1 16.83059 19 
2 1 0 0 27584 1 18.90939 19 
2 2 0 0 27607 2 18.16411 19 
2 2 0 0 27688 2 18.40062 19 
2 4 0 0 27739 4 18.81614 19 
2 2 0 0 28035 2 15.50095 19 
2 1 0 0 28349 1 18.92544 19 
2 4 0 0 28479 4 18.0911 19 
2 1 0 0 28626 1 18.99026 19 
2 2 0 0 28725 2 18.78384 19 
2 4 0 0 28771 4 18.40098 19 
2 2 0 0 28821 2 17.52085 19 
2 3 0 0 28985 3 18.36217 19 
2 3 0 0 28997 3 18.90244 19 
2 3 0 0 29288 3 18.9106 19 
2 1 0 0 29332 1 18.99999 19 
2 1 0 0 29350 1 18.99993 19 
2 3 0 0 29424 3 18.30263 19 
2 3 0 0 29442 3 17.79711 19 
2 4 0 0 29447 4 18.62313 19 
2 2 0 0 29464 2 18.98817 19 
2 3 0 0 29701 3 17.84687 19 
2 4 0 0 29754 4 17.43483 19 
2 1 0 0 29767 1 16.83059 19 
2 3 0 0 29803 3 18.55492 19 
2 5 0 0 29939 5 17.39312 19 
2 1 0 0 29969 1 18.48889 19 
2 2 0 0 29997 2 18.36831 19 
2 2 0 0 30054 2 18.51827 19 
2 2 0 0 30144 2 18.27625 19 
2 2 0 0 30272 2 18.90427 19 
2 2 0 0 30281 2 18.89762 19 
2 3 0 0 30480 3 18.35497 19 
2 3 0 0 30788 3 18.92196 19 
2 1 0 0 30804 1 18.063 19 
2 2 0 0 30834 2 18.99746 19 
2 2 0 0 30851 2 18.10247 19 
2 1 0 0 31037 1 17.48728 19 
2 1 0 0 31044 1 18.67448 19 
2 2 0 0 31066 2 18.89604 19 
2 3 0 0 31104 3 18.70383 19 
2 2 0 0 31112 2 18.79147 19 
2 0 0 0 31127 0 19 19 
2 2 0 0 31159 2 18.08139 19 
2 2 0 0 31170 2 16.7206 19 
2 1 0 0 31220 1 18.9595 19 
2 4 0 0 31228 4 18.89735 19 
2 2 0 0 31266 2 18.17069 19 
2 2 0 0 31293 2 18.97291 19 
2 2 0 0 31375 2 18.88323 19 
2 1 0 0 31485 1 18.90302 19 
2 3 0 0 31520 3 18.76151 19 
2 2 0 0 31553 2 17.74049 19 
2 1 0 0 31592 1 18.36201 19 
2 4 0 0 31634 4 17.2096 19 
2 1 0 0 31649 1 18.98571 19 
2 1 0 0 31767 1 18.98913 19 
2 2 0 0 31785 2 18.80557 19 
2 1 0 0 31887 1 18.99758 19 
2 3 0 0 31894 3 17.47076 19 
2 1 0 0 31925 1 18.13162 19 
2 1 0 0 31927 1 17.48728 19 
2 2 0 0 32037 2 18.93996 19 
2 2 0 0 32101 2 18.98524 19 
2 2 0 0 32118 2 18.98456 19 
2 2 0 0 32130 2 17.40324 19 
2 3 0 0 32173 3 18.74752 19 
2 1 0 0 32267 1 16.1271 19 
2 3 0 0 32392 3 18.43025 19 
2 1 0 0 32434 1 16.83059 19 
2 2 0 0 32555 2 17.47808 19 
2 1 0 0 32676 1 18.99982 19 
2 2 0 0 32759 2 18.99204 19 
2 3 0 0 32774 3 17.74318 19 
2 2 0 0 32796 2 18.81327 19 
2 3 0 0 32989 3 18.90428 19 
2 2 0 0 33054 2 18.88583 19 
2 4 0 0 33258 4 17.55023 19 
2 2 0 0 33433 2 18.67411 19 
2 2 0 0 33444 2 18.18359 19 
2 2 0 0 33445 2 18.2113 19 
2 1 0 0 33553 1 18.53147 19 
2 1 0 0 33619 1 17.48728 19 
2 3 0 0 33663 3 18.9974 19 
2 4 0 0 33802 4 18.53317 19 
2 3 0 0 34079 3 18.92553 19 
2 4 0 0 34179 4 18.60744 19 
2 3 0 0 34333 3 18.94177 19 
2 5 0 0 34350 5 18.63918 19 
2 0 0 0 34413 0 19 19 
2 0 0 0 34417 0 19 19 
2 3 0 0 34508 3 18.28268 19 
2 1 0 0 34534 1 17.85727 19 
2 1 0 0 34593 1 17.84819 19 
2 3 0 0 34624 3 18.80622 19 
2 1 0 0 34673 1 18.41484 19 
2 3 0 0 34770 3 18.94752 19 
2 0 0 0 34797 0 19 19 
2 4 0 0 34875 4 18.20873 19 
2 1 0 0 34912 1 18.92354 19 
2 3 0 0 34952 3 15.08148 19 
2 2 0 0 34954 2 18.99746 19 
2 1 0 0 35028 1 17.21085 19 
2 1 0 0 35084 1 18.59247 19 
2 2 0 0 35092 2 18.56685 19 
2 1 0 0 35119 1 18.99999 19 
2 2 0 0 35128 2 18.8255 19 
2 2 0 0 35172 2 17.81087 19 
2 2 0 0 35319 2 16.12254 19 
2 4 0 0 35485 4 18.685 19 
2 1 0 0 35533 1 18.96129 19 
2 3 0 0 35538 3 18.86977 19 
2 2 0 0 35562 2 18.84766 19 
2 1 0 0 35728 1 18.58412 19 
2 2 0 0 35818 2 18.70025 19 
2 0 0 0 35819 0 19 19 
2 1 0 0 35832 1 18.82754 19 
2 1 0 0 35833 1 16.94988 19 
2 2 0 0 36018 2 18.77225 19 
2 3 0 0 36109 3 18.13628 19 
2 1 0 0 36219 1 18.93607 19 
2 2 0 0 36345 2 18.83366 19 
2 5 0 0 36409 5 18.39815 19 
2 1 0 0 36456 1 18.98639 19 
2 1 0 0 36481 1 16.83059 19 
2 1 0 0 36639 1 17.44607 19 
2 1 0 0 36686 1 17.51188 19 
2 4 0 0 36690 4 18.45837 19 
2 2 0 0 36709 2 17.91876 19 
2 3 0 0 36720 3 18.68106 19 
2 1 0 0 36814 1 18.7726 19 
2 0 0 0 36852 0 19 19 
2 3 0 0 36927 3 18.30273 19 
2 1 0 0 37039 1 18.53406 19 
2 3 0 0 37400 3 18.44473 19 
2 3 0 0 37565 3 17.61119 19 
2 1 0 0 37611 1 18.20142 19 
2 4 0 0 37623 4 17.81346 19 
2 2 0 0 37691 2 18.76285 19 
2 0 0 0 37774 0 19 19 
2 3 0 0 37828 3 18.84203 19 
2 2 0 0 37842 2 18.5456 19 
2 2 0 0 37912 2 18.89235 19 
2 2 0 0 37997 2 16.73594 19 
2 3 0 0 38155 3 17.77715 19 
2 4 0 0 38184 4 16.98989 19 
2 3 0 0 38203 3 17.83744 19 
2 2 0 0 38205 2 18.32403 19 
2 2 0 0 38349 2 18.44559 19 
2 2 0 0 38359 2 18.99906 19 
2 2 0 0 38437 2 17.5158 19 
2 1 0 0 38439 1 18.91692 19 
2 2 0 0 38466 2 18.92267 19 
2 1 0 0 38468 1 18.99836 19 
2 1 0 0 38511 1 18.48574 19 
2 2 0 0 38520 2 18.95821 19 
2 3 0 0 38579 3 18.39724 19 
2 3 0 0 38634 3 18.873 19 
2 1 0 0 38756 1 16.94988 19 
2 2 0 0 38782 2 18.40292 19 
2 2 0 0 38849 2 18.22853 19 
2 3 0 0 38926 3 17.46767 19 
2 1 0 0 39017 1 18.65976 19 
2 0 0 0 39205 0 19 19 
2 2 0 0 39235 2 17.53291 19 
2 2 0 0 39352 2 18.86287 19 
2 2 0 0 39416 2 18.954 19 
2 2 0 0 39573 2 17.21066 19 
2 2 0 0 39651 2 18.13379 19 
2 2 0 0 39777 2 18.99856 19 
2 3 0 0 39876 3 18.89658 19 
2 1 0 0 39894 1 18.99404 19 
2 4 0 0 39902 4 18.49947 19 
2 3 0 0 39955 3 18.81255 19 
2 3 0 0 40012 3 18.82912 19 
2 2 0 0 40039 2 15.96613 19 
2 2 0 0 40082 2 18.84957 19 
2 4 0 0 40210 4 16.74594 19 
2 3 0 0 40340 3 18.15963 19 
2 0 0 0 40365 0 19 19 
2 4 0 0 40394 4 17.79428 19 
2 4 0 0 40404 4 18.89123 19 
2 1 0 0 40413 1 18.96796 19 
2 1 0 0 40478 1 18.73358 19 
2 1 0 0 40587 1 18.98981 19 
2 1 0 0 40636 1 18.35696 19 
2 2 0 0 40797 2 18.84945 19 
2 1 0 0 40882 1 17.51188 19 
2 4 0 0 40912 4 18.67756 19 
2 1 0 0 40918 1 18.96129 19 
2 1 0 0 40983 1 18.92141 19 
2 3 0 0 41083 3 18.39107 19 
2 2 0 0 41110 2 18.25705 19 
2 3 0 0 41112 3 18.61003 19 
2 1 0 0 41127 1 18.87513 19 
2 4 0 0 41184 4 17.7128 19 
2 1 0 0 41294 1 18.92544 19 
2 1 0 0 41356 1 18.05419 19 
2 1 0 0 41376 1 18.99227 19 
2 2 0 0 41438 2 18.24206 19 
2 3 0 0 41524 3 17.42178 19 
2 1 0 0 41542 1 17.13893 19 
2 2 0 0 41560 2 18.39237 19 
2 1 0 0 41585 1 16.1271 19 
2 2 0 0 41687 2 18.58199 19 
2 1 0 0 41741 1 18.37258 19 
2 2 0 0 41785 2 16.86172 19 
2 2 0 0 41797 2 18.99644 19 
2 4 0 0 41915 4 18.23908 19 
2 1 0 0 41920 1 17.44607 19 
2 1 0 0 42034 1 17.13893 19 
2 4 0 0 42095 4 18.30166 19 
2 2 0 0 42140 2 17.68231 19 
2 2 0 0 42154 2 18.96093 19 
2 1 0 0 42181 1 18.99999 19 
2 2 0 0 42228 2 17.53132 19 
2 1 0 0 42269 1 17.81485 19 
2 3 0 0 42276 3 17.80991 19 
2 1 0 0 42285 1 17.29907 19 
2 1 0 0 42308 1 18.94723 19 
2 3 0 0 42383 3 18.6485 19 
2 2 0 0 42531 2 17.36937 19 
2 1 0 0 42582 1 16.1271 19 
2 3 0 0 42735 3 18.52427 19 
2 1 0 0 42739 1 17.48728 19 
2 1 0 0 42763 1 18.93345 19 
2 1 0 0 42821 1 17.57043 19 
2 3 0 0 42826 3 18.90833 19 
2 1 0 0 42870 1 18.99562 19 
2 3 0 0 42959 3 18.93068 19 
2 1 0 0 43241 1 18.063 19 
2 3 0 0 43404 3 17.86447 19 
2 2 0 0 43443 2 18.6308 19 
2 1 0 0 43454 1 19 19 
2 2 0 0 43758 2 18.90518 19 
2 1 0 0 43768 1 17.51188 19 
2 0 0 0 43771 0 19 19 
2 2 0 0 43828 2 18.23459 19 
2 1 0 0 43892 1 18.93934 19 
2 3 0 0 43894 3 17.98126 19 
2 2 0 0 43977 2 18.28408 19 
2 3 0 0 44030 3 17.69247 19 
2 4 0 0 44056 4 17.06403 19 
2 1 0 0 44067 1 16.94988 19 
2 2 0 0 44076 2 18.16746 19 
2 1 0 0 44115 1 17.29907 19 
2 2 0 0 44165 2 17.84698 19 
2 0 0 0 44181 0 19 19 
2 3 0 0 44264 3 18.66852 19 
2 1 0 0 44289 1 18.53147 19 
2 2 0 0 44348 2 16.79069 19 
2 1 0 0 44615 1 16.83059 19 
2 2 0 0 44625 2 16.85504 19 
2 2 0 0 44643 2 18.90921 19 
2 2 0 0 44860 2 18.70466 19 
2 1 0 0 44881 1 18.99574 19 
2 4 0 0 44883 4 18.80969 19 
2 3 0 0 44934 3 18.08906 19 
2 3 0 0 44996 3 16.91786 19 
2 2 0 0 45055 2 18.78807 19 
2 2 0 0 45404 2 18.94115 19 
2 0 0 0 45412 0 19 19 
2 1 0 0 45575 1 18.99895 19 
2 1 0 0 45679 1 18.75004 19 
2 1 0 0 45796 1 18.99877 19 
2 2 0 0 45846 2 18.55737 19 
2 2 0 0 45866 2 18.42096 19 
2 2 0 0 45923 2 18.29732 19 
2 2 0 0 46088 2 18.80321 19 
2 1 0 0 46219 1 19 19 
2 2 0 0 46245 2 18.97488 19 
2 3 0 0 46282 3 17.45128 19 
2 1 0 1 46331 2 14.49331 19 
2 1 0 0 46372 1 18.88045 19 
2 2 0 0 46379 2 17.5386 19 
2 1 0 0 46443 1 17.21085 19 
2 2 0 0 46453 2 17.00116 19 
2 2 0 0 46485 2 16.63977 19 
2 3 0 0 46518 3 17.9535 19 
2 1 0 0 46742 1 18.78107 19 
2 2 0 0 46770 2 18.29899 19 
2 2 0 0 47039 2 17.84212 19 
2 4 0 0 47084 4 18.00308 19 
2 3 0 0 47177 3 17.87332 19 
2 2 0 0 47205 2 18.1316 19 
2 2 0 0 47254 2 18.79269 19 
2 1 0 0 47366 1 17.57043 19 
2 4 0 0 47381 4 18.96092 19 
2 1 0 0 47435 1 17.5768 19 
2 1 0 0 47437 1 18.88213 19 
2 1 0 0 47510 1 18.93834 19 
2 4 0 0 47707 4 18.47987 19 
2 1 0 0 47850 1 18.99695 19 
2 3 0 0 47927 3 17.85504 19 
2 2 0 0 47996 2 17.26691 19 
2 4 0 0 48020 4 17.83207 19 
2 2 0 0 48166 2 18.09178 19 
2 2 0 0 48292 2 18.82334 19 
2 2 0 0 48336 2 18.76581 19 
2 1 0 0 48339 1 17.55847 19 
2 1 0 0 48372 1 17.66567 19 
2 2 0 0 48431 2 18.29302 19 
2 3 0 0 48462 3 18.42272 19 
2 0 0 0 48490 0 19 19 
2 2 0 0 48545 2 18.09369 19 
2 0 0 0 48658 0 19 19 
2 3 0 0 48708 3 18.64902 19 
2 2 0 0 48709 2 18.52076 19 
2 3 0 0 48735 3 18.38684 19 
2 2 0 0 48861 2 18.519 19 
2 0 0 0 48941 0 19 19 
2 4 0 0 49019 4 18.49769 19 
2 1 0 1 49042 2 14.57849 19 
2 1 0 0 49192 1 18.92192 19 
2 3 0 0 49258 3 18.77625 19 
2 3 0 0 49364 3 17.75382 19 
2 2 0 0 49442 2 18.81365 19 
2 2 0 0 49468 2 18.37269 19 
2 0 0 0 49604 0 19 19 
2 1 0 0 49708 1 18.92117 19 
2 4 0 0 49716 4 17.08878 19 
2 1 0 0 49768 1 18.99836 19 
2 1 0 0 49811 1 18.82137 19 
2 3 0 0 49962 3 17.91195 19 
2 2 0 0 49987 2 18.98909 19 
2 2 0 0 49991 2 17.56298 19 
2 4 0 0 50100 4 18.57533 19 
2 1 0 0 50123 1 18.67695 19 
2 2 0 0 50142 2 18.9178 19 
2 0 0 0 50162 0 19 19 
2 2 0 0 50232 2 18.72241 19 
2 3 0 0 50241 3 17.6204 19 
2 2 0 0 50255 2 18.82108 19 
2 2 0 0 50303 2 16.94986 19 
2 2 0 0 50346 2 18.98823 19 
2 1 0 0 50361 1 18.42369 19 
2 2 0 0 50519 2 18.98399 19 
2 2 0 0 50604 2 18.86964 19 
2 2 0 0 50785 2 18.98406 19 
2 3 0 0 50842 3 17.99978 19 
2 1 0 0 50854 1 18.3075 19 
2 1 0 1 51149 2 14.21826 19 
2 2 0 0 51249 2 17.19962 19 
2 1 0 0 51272 1 18.54933 19 
2 1 0 0 51304 1 16.1271 19 
2 1 0 0 51458 1 17.6505 19 
2 1 0 0 51599 1 18.54933 19 
2 0 0 0 51627 0 19 19 
2 2 0 0 51638 2 18.40208 19 
2 2 0 0 51673 2 16.8629 19 
2 2 0 0 51687 2 18.21869 19 
2 4 0 0 51697 4 18.42975 19 
2 1 0 0 51837 1 16.83059 19 
2 1 0 0 51939 1 17.57043 19 
2 2 0 0 52106 2 18.82935 19 
2 2 0 0 52155 2 17.98929 19 
2 3 0 0 52196 3 18.30082 19 
2 2 0 0 52363 2 18.82141 19 
2 3 0 0 52525 3 18.55139 19 
2 1 0 0 52575 1 18.99866 19 
2 1 0 0 52585 1 18.96505 19 
2 2 0 0 52593 2 18.98898 19 
2 1 0 0 52649 1 17.95598 19 
2 1 0 0 52721 1 18.25763 19 
2 2 0 0 52770 2 18.67716 19 
2 1 0 0 52808 1 18.98442 19 
2 1 0 0 52906 1 18.88494 19 
2 1 0 0 52933 1 18.95159 19 
2 3 0 0 52944 3 18.37688 19 
2 1 0 0 52984 1 18.99087 19 
2 2 0 0 53089 2 18.59326 19 
2 3 0 0 53096 3 18.69084 19 
2 1 0 0 53122 1 17.95598 19 
2 1 0 0 53189 1 17.51188 19 
2 2 0 0 53250 2 18.58967 19 
2 3 0 0 53276 3 17.05345 19 
2 1 0 0 53299 1 18.28574 19 
2 0 0 0 53333 0 19 19 
2 2 0 0 53358 2 15.52728 19 
2 1 0 0 53462 1 18.69773 19 
2 1 0 0 53475 1 18.97358 19 
2 2 0 0 53524 2 17.09695 19 
2 3 0 0 53527 3 18.93313 19 
2 2 0 0 53532 2 17.2628 19 
2 2 0 0 53534 2 18.76604 19 
2 1 0 0 53577 1 17.51188 19 
2 3 0 0 53703 3 17.82538 19 
2 1 0 0 53756 1 18.98307 19 
2 2 0 0 53761 2 18.86318 19 
2 3 0 0 53956 3 18.67702 19 
2 1 0 0 53968 1 18.99563 19 
2 0 0 0 53999 0 19 19 
2 0 0 0 54015 0 19 19 
2 0 0 0 54117 0 19 19 
2 2 0 0 54216 2 18.79701 19 
2 2 0 0 54218 2 18.67497 19 
2 4 0 0 54232 4 18.85909 19 
2 4 0 0 54310 4 18.47655 19 
2 1 0 0 54360 1 17.84819 19 
2 0 0 0 54388 0 19 19 
2 1 0 0 54409 1 18.99956 19 
2 1 0 0 54432 1 18.063 19 
2 2 0 0 54458 2 17.21081 19 
2 2 0 0 54575 2 18.98588 19 
2 3 0 0 54584 3 18.40721 19 
2 5 0 0 54717 5 18.02574 19 
2 3 0 0 54739 3 18.68842 19 
2 1 0 0 54898 1 18.92159 19 
2 2 0 0 54924 2 18.9625 19 
2 2 0 0 54987 2 17.56995 19 
2 1 0 0 55091 1 16.1271 19 
2 1 0 0 55164 1 18.92544 19 
2 2 0 0 55234 2 17.9469 19 
2 4 0 0 55252 4 18.5995 19 
2 1 0 0 55259 1 18.78107 19 
2 1 0 0 55265 1 18.59632 19 
2 4 0 0 55273 4 17.05341 19 
2 2 0 0 55330 2 18.35194 19 
2 1 0 0 55434 1 16.1271 19 
2 3 0 0 55498 3 16.88369 19 
2 3 0 0 55507 3 18.90922 19 
2 2 0 0 55543 2 17.26205 19 
2 1 0 0 55555 1 18.5635 19 
2 1 0 0 55617 1 18.69425 19 
2 1 0 0 55687 1 18.9945 19 
2 2 0 0 55720 2 18.42665 19 
2 4 0 0 55885 4 18.52856 19 
2 2 0 0 55905 2 18.88776 19 
2 6 0 0 55962 6 17.38422 19 
2 2 0 0 56174 2 18.98533 19 
2 5 0 0 56198 5 18.93896 19 
2 1 0 0 56266 1 18.9998 19 
2 2 0 0 56333 2 18.99377 19 
2 1 0 0 56443 1 18.96644 19 
2 1 0 0 56598 1 17.5768 19 
2 3 0 0 56691 3 18.2667 19 
2 2 0 0 56776 2 17.82557 19 
2 4 0 0 56822 4 17.97379 19 
2 2 0 0 56853 2 18.6179 19 
2 2 0 0 56914 2 18.72133 19 
2 2 0 0 56930 2 18.03511 19 
2 2 0 0 56985 2 18.69071 19 
2 1 0 0 57000 1 18.99888 19 
2 2 0 0 57121 2 18.6937 19 
2 4 0 0 57131 4 18.65214 19 
2 1 0 0 57175 1 18.99409 19 
2 2 0 0 57248 2 18.98405 19 
2 1 0 0 57389 1 18.61845 19 
2 3 0 0 57433 3 18.94362 19 
2 1 0 0 57446 1 17.6505 19 
2 2 0 0 57480 2 18.84057 19 
2 0 0 0 57498 0 19 19 
2 1 0 0 57548 1 18.99542 19 
2 3 0 0 57574 3 17.54558 19 
2 2 0 0 57587 2 17.14134 19 
2 3 0 0 57622 3 16.82198 19 
2 1 0 0 57695 1 18.98414 19 
2 2 0 0 57717 2 18.68206 19 
2 1 0 0 58020 1 18.86004 19 
2 2 0 0 58026 2 18.29848 19 
2 2 0 0 58112 2 18.72225 19 
2 1 0 0 58113 1 18.063 19 
2 2 0 0 58136 2 18.75435 19 
2 1 0 0 58306 1 18.99799 19 
2 2 0 0 58377 2 16.79718 19 
2 2 0 0 58468 2 18.77758 19 
2 3 0 0 58508 3 18.4479 19 
2 0 0 0 58514 0 19 19 
2 1 0 0 58596 1 18.05419 19 
2 1 0 0 58714 1 18.5847 19 
2 5 0 0 58903 5 18.24574 19 
2 3 0 0 58940 3 18.41005 19 
2 1 0 0 59101 1 18.88042 19 
2 3 0 0 59136 3 18.96307 19 
2 1 0 0 59286 1 17.51188 19 
2 1 0 0 59291 1 18.91158 19 
2 4 0 0 59364 4 18.53538 19 
2 3 0 0 59420 3 18.93456 19 
2 1 0 0 59594 1 17.51188 19 
2 1 0 0 59632 1 16.1271 19 
2 3 0 0 59672 3 18.80717 19 
2 4 0 0 59803 4 18.32675 19 
2 3 0 0 59892 3 18.35465 19 
2 2 0 0 59931 2 18.91253 19 
2 4 0 0 59957 4 17.75677 19 
2 1 0 0 60131 1 18.99661 19 
2 2 0 0 60245 2 18.89231 19 
2 1 0 0 60341 1 16.94988 19 
2 2 0 0 60347 2 18.28396 19 
2 2 0 0 60456 2 18.95741 19 
2 2 0 0 60463 2 18.96972 19 
2 2 0 0 60567 2 18.8292 19 
2 2 0 0 60625 2 16.9146 19 
2 1 0 0 60665 1 18.44804 19 
2 2 0 0 60718 2 18.90104 19 
2 1 0 0 60766 1 18.88802 19 
2 2 0 0 60854 2 17.5495 19 
2 3 0 0 60974 3 18.73477 19 
2 3 0 0 60977 3 18.91082 19 
2 3 0 0 60981 3 18.88268 19 
2 0 0 0 61035 0 19 19 
2 1 0 0 61049 1 18.9986 19 
2 2 0 0 61115 2 18.67408 19 
2 2 0 0 61151 2 17.21083 19 
2 1 0 0 61223 1 18.64864 19 
2 2 0 0 61253 2 18.87958 19 
2 1 0 0 61392 1 18.59247 19 
2 0 0 0 61452 0 19 19 
2 3 0 0 61550 3 18.56835 19 
2 3 0 0 61614 3 18.61368 19 
2 3 0 0 62017 3 18.96533 19 
2 2 0 0 62480 2 18.42633 19 
2 5 0 0 62505 5 16.3897 19 
2 3 0 0 62555 3 18.99243 19 
2 4 0 0 62617 4 18.42297 19 
2 1 0 0 62715 1 18.9998 19 
2 1 0 0 63017 1 17.55847 19 
2 2 0 0 63023 2 18.33952 19 
2 3 0 0 63081 3 18.0374 19 
2 2 0 0 63082 2 18.32719 19 
2 2 0 0 63128 2 18.95269 19 
2 3 0 0 63156 3 18.39469 19 
2 1 0 0 63196 1 17.13893 19 
2 3 0 0 63247 3 18.71413 19 
2 3 0 0 63341 3 16.81271 19 
2 2 0 0 63344 2 17.849 19 
2 3 0 0 63361 3 18.77955 19 
2 3 0 0 63425 3 18.42919 19 
2 2 0 0 63560 2 17.35749 19 
2 2 0 0 63650 2 17.31834 19 
2 1 0 0 63687 1 17.51188 19 
2 0 0 0 63860 0 19 19 
2 3 0 0 63865 3 17.85347 19 
2 3 0 0 63926 3 18.45691 19 
2 1 0 0 63998 1 18.9978 19 
2 1 0 0 64000 1 17.21085 19 
2 1 0 0 64046 1 18.99758 19 
2 2 0 0 64061 2 18.94084 19 
2 2 0 0 64209 2 18.95782 19 
2 1 0 0 64265 1 18.48903 19 
2 1 0 0 64314 1 16.83059 19 
2 2 0 0 64348 2 18.80651 19 
2 0 0 0 64446 0 19 19 
2 2 0 0 64461 2 18.44297 19 
2 5 0 0 64524 5 17.87681 19 
2 2 0 0 64592 2 18.68375 19 
2 1 0 0 64664 1 17.44607 19 
2 2 0 0 64685 2 18.54009 19 
2 3 0 0 64840 3 18.72552 19 
2 1 0 0 64856 1 18.99866 19 
2 3 0 0 65080 3 17.99816 19 
2 2 0 0 65271 2 18.41163 19 
2 4 0 0 65284 4 18.8118 19 
2 1 0 0 65311 1 18.20142 19 
2 5 0 0 65364 5 17.91808 19 
2 1 0 0 65414 1 18.86477 19 
2 4 0 0 65422 4 18.97792 19 
2 1 0 0 65444 1 18.31372 19 
2 1 0 0 65509 1 18.20658 19 
2 1 0 0 65586 1 18.16504 19 
2 1 0 0 65605 1 18.13162 19 
2 1 0 0 65865 1 18.95904 19 
2 2 0 0 65875 2 18.96976 19 
2 1 0 0 65943 1 18.99972 19 
2 2 0 0 66155 2 18.98635 19 
2 3 0 0 66168 3 17.29681 19 
2 1 0 0 66329 1 18.97983 19 
2 3 0 0 66413 3 16.8937 19 
2 2 0 0 66428 2 18.40643 19 
2 3 0 0 66445 3 18.8355 19 
2 2 0 0 66578 2 18.27816 19 
2 1 0 0 66668 1 18.77308 19 
2 4 0 0 66741 4 18.523 19 
2 1 0 0 66784 1 18.99977 19 
2 2 0 0 66825 2 18.77299 19 
2 2 0 0 66917 2 18.99201 19 
2 4 0 0 66939 4 18.92868 19 
2 2 0 0 66983 2 17.68458 19 
2 2 0 0 67051 2 18.99693 19 
2 0 0 0 67182 0 19 19 
2 1 0 0 67224 1 18.70895 19 
2 4 0 0 67322 4 18.42864 19 
2 6 0 0 67368 6 18.86538 19 
2 1 0 0 67425 1 17.29907 19 
2 0 0 0 67468 0 19 19 
2 1 0 0 67471 1 18.97696 19 
2 3 0 0 67490 3 18.59554 19 
2 2 0 0 67611 2 18.92597 19 
2 4 0 0 67668 4 18.50896 19 
2 3 0 0 67679 3 18.29176 19 
2 3 0 0 67703 3 18.56886 19 
2 2 0 0 67738 2 18.90565 19 
2 1 0 0 67971 1 18.3662 19 
2 1 0 0 68002 1 18.99888 19 
2 1 0 0 68033 1 17.5768 19 
2 2 0 0 68241 2 18.05538 19 
2 1 0 0 68433 1 18.94485 19 
2 3 0 0 68603 3 17.64715 19 
2 3 0 0 68611 3 18.24252 19 
2 3 0 0 68685 3 18.5796 19 
2 1 0 0 68725 1 18.53147 19 
2 1 0 1 68745 2 14.01868 19 
2 2 0 0 68791 2 18.86093 19 
2 2 0 0 68827 2 16.83059 19 
2 1 0 0 68966 1 18.95791 19 
2 0 0 0 69097 0 19 19 
2 1 0 0 69378 1 17.44607 19 
2 5 0 0 69410 5 18.94595 19 
2 3 0 0 69542 3 18.95694 19 
2 4 0 0 69631 4 18.30903 19 
2 3 0 0 69636 3 18.94292 19 
2 2 0 0 69639 2 17.9683 19 
2 2 0 0 69688 2 17.99779 19 
2 1 0 1 69746 2 16.03556 19 
2 3 0 0 69817 3 18.57821 19 
2 4 0 0 69942 4 16.86288 19 
2 2 0 0 69998 2 18.32045 19 
2 1 0 0 70093 1 18.98528 19 
2 3 0 0 70132 3 18.76253 19 
2 0 0 0 70177 0 19 19 
2 2 0 0 70195 2 18.84181 19 
2 2 0 0 70205 2 18.76715 19 
2 1 0 0 70250 1 18.6941 19 
2 4 0 0 70337 4 17.27478 19 
2 3 0 0 70504 3 18.42969 19 
2 2 0 0 70512 2 17.41767 19 
2 1 0 0 70518 1 18.9998 19 
2 1 0 0 70581 1 16.1271 19 
2 1 0 0 70588 1 18.9595 19 
2 1 0 0 70653 1 18.98442 19 
2 2 0 0 70673 2 16.98856 19 
2 1 0 0 70681 1 18.96089 19 
2 2 0 0 70698 2 18.99878 19 
2 1 0 0 70843 1 18.98762 19 
2 1 0 0 70936 1 18.44804 19 
2 1 0 0 70989 1 18.89757 19 
2 2 0 0 71028 2 17.74797 19 
2 2 0 0 71162 2 18.97069 19 
2 1 0 0 71381 1 18.32013 19 
2 2 0 0 71388 2 18.97069 19 
2 3 0 0 71461 3 18.02181 19 
2 1 0 0 71486 1 18.99968 19 
2 2 0 0 71592 2 17.95432 19 
2 1 0 0 71620 1 18.95019 19 
2 3 0 0 71641 3 18.1764 19 
2 2 0 0 71841 2 18.97299 19 
2 2 0 0 71873 2 17.68831 19 
2 1 0 0 71900 1 18.30899 19 
2 1 0 0 71905 1 16.94988 19 
2 3 0 0 71971 3 18.92579 19 
2 1 0 0 72061 1 18.9766 19 
2 3 0 0 72070 3 17.38531 19 
2 4 0 0 72076 4 17.68537 19 
2 2 0 0 72450 2 17.8407 19 
2 7 0 0 72456 7 18.003 19 
2 2 0 0 72468 2 18.98468 19 
2 2 0 0 72489 2 18.69136 19 
2 3 0 0 72581 3 18.9302 19 
2 3 0 0 72649 3 18.90841 19 
2 1 0 0 72748 1 18.99356 19 
2 0 0 0 72831 0 19 19 
2 1 0 0 72992 1 17.21085 19 
2 1 0 0 73019 1 18.48889 19 
2 4 0 0 73020 4 18.15518 19 
2 2 0 0 73070 2 18.25928 19 
2 3 0 0 73220 3 17.5503 19 
2 2 0 0 73229 2 18.63219 19 
2 0 0 0 73358 0 19 19 
2 2 0 0 73370 2 16.94876 19 
2 4 0 0 73378 4 17.78558 19 
2 0 0 0 73405 0 19 19 
2 1 0 0 73428 1 17.48728 19 
2 3 0 0 73446 3 17.95485 19 
2 2 0 0 73486 2 17.03613 19 
2 1 0 0 73507 1 18.86292 19 
2 4 0 0 73751 4 17.75932 19 
2 3 0 0 73972 3 18.51232 19 
2 1 0 0 73992 1 18.87531 19 
2 2 0 0 74092 2 18.98433 19 
2 3 0 0 74149 3 18.67133 19 
2 2 0 0 74150 2 18.92363 19 
2 1 0 0 74166 1 18.60359 19 
2 1 0 0 74251 1 18.92258 19 
2 2 0 0 74550 2 15.92887 19 
2 0 0 0 74557 0 19 19 
2 1 0 0 74714 1 18.40444 19 
2 2 0 0 74738 2 18.99907 19 
2 2 0 0 74820 2 17.95515 19 
2 4 0 0 74822 4 17.51245 19 
2 1 0 0 74829 1 18.31076 19 
2 1 0 0 75102 1 18.82137 19 
2 1 0 0 75133 1 18.99732 19 
2 4 0 0 75134 4 18.82766 19 
2 1 0 0 75197 1 18.97291 19 
2 5 0 0 75223 5 18.06485 19 
2 1 0 0 75315 1 18.72179 19 
2 2 0 0 75354 2 18.1999 19 
2 3 0 0 75463 3 18.23824 19 
2 2 0 0 75592 2 18.47972 19 
2 1 0 0 75675 1 16.83059 19 
2 2 0 0 75760 2 18.59005 19 
2 1 0 0 75774 1 18.09219 19 
2 2 0 0 75952 2 18.63141 19 
2 1 0 0 75975 1 18.09219 19 
2 2 0 0 76290 2 18.33535 19 
2 5 0 0 76297 5 18.84224 19 
2 5 0 0 76424 5 18.23926 19 
2 5 0 0 76572 5 16.64808 19 
2 3 0 0 76664 3 18.76524 19 
2 1 0 0 76890 1 18.8962 19 
2 2 0 0 76955 2 18.21108 19 
2 3 0 0 76956 3 18.19864 19 
2 1 0 0 77229 1 18.86816 19 
2 0 0 0 77232 0 19 19 
2 3 0 0 77388 3 18.91307 19 
2 3 0 0 77429 3 18.19892 19 
2 0 0 0 77437 0 19 19 
2 1 0 0 77585 1 18.9908 19 
2 3 0 0 77586 3 18.30784 19 
2 1 0 0 77598 1 18.97696 19 
2 5 0 0 77629 5 18.65376 19 
2 1 0 0 77631 1 16.94988 19 
2 4 0 0 77670 4 17.35827 19 
2 3 0 0 77829 3 18.97617 19 
2 1 0 0 77902 1 18.28574 19 
2 3 0 0 77911 3 18.54607 19 
2 2 0 0 77937 2 18.29841 19 
2 4 0 0 77997 4 18.82813 19 
2 1 0 0 78034 1 18.67695 19 
2 3 0 0 78153 3 17.98264 19 
2 3 0 0 78238 3 18.58111 19 
2 4 0 0 78329 4 18.38945 19 
2 4 0 0 78335 4 18.43649 19 
2 1 0 0 78515 1 17.6505 19 
2 1 0 0 78523 1 17.57043 19 
2 1 0 0 78525 1 16.83059 19 
2 3 0 0 78526 3 18.93212 19 
2 3 0 0 78527 3 18.49789 19 
2 3 0 0 78544 3 18.84576 19 
2 3 0 0 78570 3 18.97018 19 
2 4 0 0 78625 4 18.13692 19 
2 0 0 0 78667 0 19 19 
2 3 0 0 78702 3 18.85463 19 
2 3 0 0 78730 3 18.97976 19 
2 1 0 0 78846 1 18.90458 19 
2 1 0 0 78894 1 18.98677 19 
2 4 0 0 78944 4 18.42276 19 
2 3 0 0 78998 3 18.88972 19 
2 2 0 0 79003 2 18.71688 19 
2 3 0 0 79015 3 18.16908 19 
2 1 0 0 79024 1 18.80927 19 
2 0 0 0 79059 0 19 19 
2 0 0 0 79134 0 19 19 
2 2 0 0 79193 2 17.75942 19 
2 1 0 0 79199 1 17.48728 19 
2 0 0 0 79221 0 19 19 
2 3 0 0 79242 3 17.408 19 
2 0 0 0 79280 0 19 19 
2 3 0 0 79281 3 18.04659 19 
2 1 0 0 79358 1 17.55847 19 
2 3 0 0 79367 3 18.77125 19 
2 5 0 0 79381 5 18.18837 19 
2 3 0 0 79408 3 18.18121 19 
2 1 0 0 79428 1 18.99993 19 
2 1 0 0 79544 1 18.9315 19 
2 2 0 0 79638 2 17.43963 19 
2 0 0 0 79654 0 19 19 
2 3 0 0 79664 3 18.09598 19 
2 2 0 0 79679 2 17.19625 19 
2 1 0 0 79827 1 18.59632 19 
2 2 0 0 79978 2 18.97111 19 
2 4 0 0 80014 4 18.13 19 
2 2 0 0 80031 2 18.86962 19 
2 2 0 0 80081 2 18.97372 19 
2 3 0 0 80126 3 18.82795 19 
2 1 0 0 80187 1 16.94988 19 
2 1 0 0 80192 1 18.99659 19 
2 3 0 0 80281 3 18.2944 19 
2 2 0 0 80336 2 18.92125 19 
2 3 0 0 80337 3 18.20818 19 
2 0 0 0 80377 0 19 19 
2 2 0 0 80414 2 18.95155 19 
2 3 0 0 80866 3 18.69612 19 
2 3 0 0 80924 3 18.55558 19 
2 1 0 0 80989 1 18.84815 19 
2 1 0 0 81124 1 18.99997 19 
2 1 0 0 81168 1 18.99908 19 
2 1 0 0 81226 1 18.37258 19 
2 2 0 0 81363 2 18.68695 19 
2 1 0 0 81384 1 18.84925 19 
2 2 0 0 81633 2 18.97825 19 
2 2 0 0 81766 2 17.00137 19 
2 3 0 0 81829 3 17.87875 19 
2 2 0 0 81904 2 16.84739 19 
2 1 0 0 82005 1 18.99911 19 
2 1 0 0 82010 1 18.99795 19 
2 3 0 0 82027 3 18.74744 19 
2 2 0 0 82176 2 18.4416 19 
2 2 0 0 82232 2 18.89564 19 
2 1 0 0 82468 1 16.83059 19 
2 5 0 0 82557 5 18.68617 19 
2 2 0 0 82601 2 18.98458 19 
2 2 0 0 82950 2 18.84457 19 
2 1 0 0 82957 1 18.99651 19 
2 1 0 0 83056 1 18.96129 19 
2 1 0 0 83123 1 18.71133 19 
2 2 0 0 83226 2 17.62409 19 
2 0 0 0 83297 0 19 19 
2 3 0 0 83424 3 18.72618 19 
2 3 0 0 83507 3 18.97301 19 
2 4 0 0 83574 4 18.11993 19 
2 2 0 0 83589 2 18.85776 19 
2 5 0 0 83602 5 17.7023 19 
2 0 0 0 83626 0 19 19 
2 3 0 0 83634 3 18.20964 19 
2 1 0 0 83697 1 17.29907 19 
2 2 0 0 83807 2 18.81006 19 
2 3 0 0 83927 3 16.95156 19 
2 2 0 1 84158 3 14.15043 19 
2 3 0 0 84161 3 14.97718 19 
2 1 0 0 84247 1 17.13893 19 
2 0 0 0 84318 0 19 19 
2 2 0 1 84379 3 14.73461 19 
2 3 0 0 84532 3 18.58169 19 
2 1 0 0 84567 1 18.99073 19 
2 2 0 0 84608 2 18.1313 19 
2 2 0 0 84643 2 18.55043 19 
2 2 0 0 84699 2 18.83789 19 
2 3 0 0 84756 3 17.44562 19 
2 0 0 0 84796 0 19 19 
2 1 0 0 84820 1 18.99328 19 
2 0 0 0 84851 0 19 19 
2 0 0 0 84853 0 19 19 
2 1 0 0 84887 1 18.95505 19 
2 0 0 0 84911 0 19 19 
2 5 0 0 84918 5 18.77772 19 
2 2 0 0 84930 2 18.40596 19 
2 1 0 0 84939 1 18.82056 19 
2 1 0 0 85197 1 18.87234 19 
2 1 0 0 85287 1 17.57043 19 
2 4 0 0 85403 4 18.65747 19 
2 1 0 0 85472 1 18.20658 19 
2 4 0 0 85481 4 18.55082 19 
2 3 0 0 85518 3 18.43899 19 
2 3 0 0 85540 3 18.86584 19 
2 1 0 0 85547 1 18.6657 19 
2 1 0 0 85877 1 18.20142 19 
2 1 0 0 85893 1 18.81925 19 
2 6 0 0 85945 6 18.52578 19 
2 1 0 0 85956 1 17.44607 19 
2 1 0 0 85968 1 16.86332 19 
2 2 0 0 85974 2 18.99381 19 
2 2 0 0 86059 2 18.40399 19 
2 4 0 0 86197 4 18.74965 19 
2 2 0 1 86206 3 14.34554 19 
2 2 0 0 86222 2 17.47993 19 
2 6 0 0 86433 6 18.28217 19 
2 3 0 0 86473 3 18.85599 19 
2 1 0 0 86505 1 18.96324 19 
2 1 0 0 86511 1 18.97276 19 
2 2 0 0 86526 2 17.56844 19 
2 4 0 0 86609 4 18.50642 19 
2 1 0 0 86651 1 18.99954 19 
2 4 0 0 86739 4 16.6567 19 
2 5 0 0 86815 5 17.79212 19 
2 1 0 1 86902 2 14.26554 19 
2 2 0 0 86911 2 18.02385 19 
2 3 0 0 87114 3 17.41614 19 
2 0 0 0 87120 0 19 19 
2 2 0 0 87590 2 17.53994 19 
2 4 0 0 87742 4 18.45007 19 
2 1 0 0 87758 1 18.31983 19 
2 3 0 0 87782 3 18.04434 19 
2 2 0 0 87891 2 18.81891 19 
2 2 0 0 87913 2 18.99423 19 
2 4 0 0 87964 4 17.45279 19 
2 1 0 0 88032 1 18.99917 19 
2 3 0 0 88044 3 17.78917 19 
2 1 0 0 88072 1 18.72141 19 
2 2 0 0 88122 2 18.83545 19 
2 2 0 0 88130 2 17.78873 19 
2 1 0 0 88363 1 16.1271 19 
2 3 0 0 88369 3 18.84472 19 
2 2 0 0 88543 2 16.9485 19 
2 3 0 0 88551 3 18.06641 19 
2 1 0 0 88554 1 18.99913 19 
2 3 0 0 88563 3 16.15508 19 
2 2 0 0 88602 2 18.6882 19 
2 3 0 0 88625 3 18.91051 19 
2 2 0 0 88656 2 18.44751 19 
2 3 0 0 88682 3 16.81304 19 
2 3 0 0 88709 3 18.01093 19 
2 2 0 0 88717 2 18.99485 19 
2 2 0 0 88788 2 18.99385 19 
2 3 0 0 88855 3 16.81936 19 
2 2 0 0 88956 2 18.99965 19 
2 3 0 0 89022 3 18.10045 19 
2 2 0 0 89284 2 18.08241 19 
2 2 0 0 89309 2 18.81208 19 
2 2 0 0 89329 2 17.05801 19 
2 3 0 0 89497 3 17.55761 19 
2 0 0 0 89641 0 19 19 
2 2 0 0 89670 2 18.75983 19 
2 1 0 0 89785 1 18.98241 19 
2 3 0 0 89831 3 18.20987 19 
2 2 0 0 89904 2 18.20886 19 
2 1 0 0 89928 1 18.64336 19 
2 3 0 0 90034 3 18.92294 19 
2 3 0 0 90129 3 16.94687 19 
2 1 0 0 90204 1 17.55847 19 
2 1 0 0 90238 1 17.13893 19 
2 2 0 0 90342 2 18.98401 19 
2 1 0 0 90433 1 18.99913 19 
2 6 0 0 90466 6 18.41379 19 
2 3 0 0 90528 3 18.48764 19 
2 3 0 0 90544 3 18.10757 19 
2 2 0 0 90666 2 18.9745 19 
2 0 0 0 90864 0 19 19 
2 1 0 0 91107 1 18.78975 19 
2 3 0 0 91350 3 16.73391 19 
2 3 0 0 91373 3 18.91625 19 
2 2 0 0 91406 2 18.77 19 
2 1 0 0 91566 1 18.72652 19 
2 3 0 0 91578 3 18.66694 19 
2 4 0 0 91620 4 18.32812 19 
2 1 0 0 91627 1 17.13893 19 
2 2 0 0 91681 2 18.2068 19 
2 1 0 0 91685 1 18.98762 19 
2 2 0 0 91786 2 17.75115 19 
2 1 0 0 91882 1 18.95586 19 
2 1 0 0 92013 1 17.51188 19 
2 3 0 0 92094 3 18.40293 19 
2 2 0 0 92218 2 18.87914 19 
2 3 0 0 92250 3 18.80264 19 
2 3 0 0 92342 3 18.41011 19 
2 4 0 0 92360 4 16.37383 19 
2 2 0 0 92409 2 18.97658 19 
2 2 0 0 92416 2 18.98605 19 
2 2 0 0 92611 2 17.50354 19 
2 3 0 0 92618 3 18.85421 19 
2 1 0 0 92719 1 18.98758 19 
2 3 0 0 92760 3 18.35509 19 
2 3 0 0 92854 3 18.82131 19 
2 2 0 0 92894 2 17.62219 19 
2 0 0 0 93142 0 19 19 
2 1 0 0 93206 1 16.83059 19 
2 4 0 0 93222 4 18.72487 19 
2 0 0 0 93273 0 19 19 
2 2 0 0 93372 2 18.95685 19 
2 3 0 0 93519 3 18.68812 19 
2 2 0 0 93530 2 16.90115 19 
2 3 0 0 93638 3 16.77618 19 
2 4 0 0 93774 4 17.03833 19 
2 1 0 0 93864 1 18.99506 19 
2 3 0 0 93873 3 17.68729 19 
2 1 0 0 93886 1 18.85431 19 
2 1 0 0 93968 1 18.6941 19 
2 3 0 0 93978 3 17.77315 19 
2 2 0 0 94200 2 18.67147 19 
2 1 0 0 94211 1 18.1232 19 
2 1 0 0 94293 1 18.8732 19 
2 1 0 0 94310 1 18.74276 19 
2 2 0 0 94370 2 17.00321 19 
2 1 0 0 94373 1 17.66567 19 
2 2 0 0 94382 2 18.58379 19 
2 6 0 0 94393 6 17.9215 19 
2 4 0 0 94470 4 17.65735 19 
2 5 0 0 94673 5 18.80273 19 
2 2 0 0 94703 2 17.34223 19 
2 2 0 0 94715 2 17.75071 19 
2 1 0 0 95005 1 18.99877 19 
2 2 0 0 95081 2 18.97288 19 
2 1 0 0 95141 1 18.95644 19 
2 4 0 0 95163 4 18.58953 19 
2 3 0 0 95182 3 18.02861 19 
2 1 0 0 95241 1 18.90706 19 
2 2 0 0 95310 2 18.35537 19 
2 2 0 0 95314 2 18.09267 19 
2 2 0 0 95402 2 18.68948 19 
2 3 0 0 95456 3 16.60472 19 
2 2 0 0 95465 2 18.26573 19 
2 2 0 0 95486 2 18.92487 19 
2 1 0 0 95612 1 18.92195 19 
2 2 0 0 95676 2 18.00682 19 
2 3 0 0 95715 3 18.71213 19 
2 2 0 0 95777 2 18.75244 19 
2 1 0 0 95903 1 18.5635 19 
2 3 0 0 95923 3 18.31915 19 
2 2 0 0 96025 2 18.46267 19 
2 2 0 0 96066 2 18.79395 19 
2 2 0 0 96067 2 17.87463 19 
2 2 0 0 96108 2 17.58253 19 
2 1 0 0 96111 1 16.83059 19 
2 4 0 0 96195 4 18.47676 19 
2 1 0 0 96310 1 18.98798 19 
2 5 0 0 96399 5 18.57829 19 
2 3 0 0 96418 3 18.86742 19 
2 0 0 0 96441 0 19 19 
2 2 0 0 96520 2 17.44386 19 
2 1 0 0 96740 1 18.85372 19 
2 0 0 0 96750 0 19 19 
2 2 0 0 96786 2 17.92501 19 
2 4 0 0 96889 4 18.76579 19 
2 3 0 0 96919 3 17.84153 19 
2 3 0 0 96935 3 18.41018 19 
2 2 0 0 96966 2 18.98334 19 
2 6 0 0 96978 6 18.00627 19 
2 1 0 0 97003 1 18.03635 19 
2 3 0 0 97046 3 16.84988 19 
2 2 0 0 97076 2 18.8921 19 
2 5 0 0 97133 5 18.49937 19 
2 2 0 0 97163 2 17.44063 19 
2 4 0 0 97181 4 18.90773 19 
2 3 0 0 97191 3 18.82159 19 
2 0 0 0 97203 0 19 19 
2 1 0 0 97246 1 18.66739 19 
2 2 0 0 97312 2 18.13457 19 
2 1 0 1 97325 2 14.49039 19 
2 2 0 0 97371 2 17.89833 19 
2 3 0 0 97440 3 18.77486 19 
2 1 0 0 97466 1 18.1423 19 
2 2 0 0 97489 2 17.15204 19 
2 1 0 0 97558 1 17.84819 19 
2 1 0 0 97563 1 18.85206 19 
2 1 0 0 97611 1 17.81485 19 
2 1 0 1 97652 2 14.4577 19 
2 4 0 0 97718 4 17.69674 19 
2 1 0 0 97769 1 18.69149 19 
2 3 0 0 97782 3 17.8509 19 
2 2 0 0 97828 2 18.98633 19 
2 2 0 0 97853 2 18.60178 19 
2 3 0 0 97955 3 18.73796 19 
2 4 0 0 98001 4 17.1255 19 
2 1 0 0 98107 1 18.28499 19 
2 1 0 0 98112 1 18.1423 19 
2 1 0 0 98140 1 17.57043 19 
2 2 0 0 98159 2 17.22025 19 
2 3 0 0 98239 3 18.58677 19 
2 0 0 0 98285 0 19 19 
2 0 0 0 98534 0 19 19 
2 1 0 0 98578 1 18.95581 19 
2 2 0 0 98754 2 18.36619 19 
2 4 0 0 98776 4 18.50285 19 
2 1 0 0 98807 1 18.37035 19 
2 2 0 0 98897 2 18.98317 19 
2 3 0 0 98901 3 18.87223 19 
2 0 0 0 98904 0 19 19 
2 2 0 0 98930 2 17.87492 19 
2 2 0 0 98961 2 18.99732 19 
2 3 0 0 98985 3 18.91011 19 
2 4 0 0 98993 4 17.57122 19 
2 1 0 0 99019 1 18.42369 19 
2 1 0 0 99257 1 18.91568 19 
2 1 0 0 99308 1 18.32013 19 
2 1 0 0 99330 1 16.83059 19 
2 2 0 0 99370 2 15.94794 19 
2 0 0 0 99426 0 19 19 
2 2 0 0 99455 2 18.77189 19 
2 1 0 0 99462 1 18.99409 19 
2 2 0 0 99489 2 18.87434 19 
2 2 0 0 99525 2 18.66633 19 
2 0 0 0 99542 0 19 19 
2 2 0 0 99716 2 18.1199 19 
2 2 0 0 99738 2 17.50305 19 
2 2 0 0 99783 2 18.29619 19 
2 1 0 0 99811 1 18.99981 19 
2 4 0 0 99838 4 18.58821 19 
2 4 0 0 99844 4 18.18217 19 
2 3 0 0 99855 3 17.4083 19 
2 1 0 0 99936 1 18.9998 19 
END
