1.874108574136335443e-28
2.075751491146163188e-28
2.270335176088339773e-28
2.449457490741423123e-28
2.603250067238207601e-28
2.722693826901415532e-28
2.802924468402076642e-28
2.846006305696844866e-28
2.861086827808496497e-28
2.861060604463112122e-28
2.858481765751854201e-28
2.863052293786803716e-28
2.881006725835359287e-28
2.915774571569071677e-28
2.968575366307454871e-28
3.039273635062803119e-28
3.127217216830201737e-28
3.231442960722200777e-28
3.351282544954466231e-28
3.485405392084866923e-28
3.632878817292011751e-28
3.793085333653979949e-28
3.965674515868414584e-28
4.150648056060798641e-28
4.348066009251887581e-28
4.558206039763711684e-28
4.781601064379280651e-28
5.018931846125786967e-28
5.271010057754015332e-28
5.538783916174388689e-28
5.823325819687732238e-28
6.125805296991664500e-28
6.447555777842104095e-28
6.790049164339121776e-28
7.154907109523469867e-28
7.543914632326635147e-28
7.959035887698528709e-28
8.402432755109077711e-28
8.876483354160915628e-28
9.383806506793024483e-28
9.927288644645964934e-28
1.051011196716100210e-27
1.113578753274677066e-27
1.180819232555487718e-27
1.253161081701446546e-27
1.331078158636079813e-27
1.415094962890323315e-27
1.505792506982996454e-27
1.603814900891978646e-27
1.709876757182471433e-27
1.824771499147799106e-27
