2.889023150501746989e-26
3.616754889970750643e-26
4.444676689178063712e-26
5.374436926549113294e-26
6.407120529821840798e-26
7.543382068276222619e-26
8.783465943886977660e-26
1.012706310529111001e-25
1.157286127117988384e-25
1.311749309886388579e-25
1.475347021489586863e-25
1.646595366970160578e-25
1.822931884094762272e-25
2.000600059261136077e-25
2.174994832135960603e-25
2.341396152251313620e-25
2.495716282656438422e-25
2.634940947755576066e-25
2.757230644015572489e-25
2.861831309572928240e-25
2.948933195465205378e-25
3.019525739197012597e-25
3.075230207191494330e-25
3.118086473218803280e-25
3.150307694734803080e-25
3.174051117456420618e-25
3.191251922286655226e-25
3.203537465123630971e-25
3.212209931160107237e-25
3.218272615691527708e-25
3.222476572985935951e-25
3.225371742499436786e-25
3.227353944067426690e-25
3.228704228513065312e-25
3.229619988213032447e-25
3.230238625545797376e-25
3.230655075814326185e-25
3.230934521760478365e-25
3.231121478036037451e-25
3.231246203657942853e-25
3.231329184148949857e-25
3.231384239118285376e-25
3.231420662129192075e-25
3.231444685590212939e-25
3.231460478518403088e-25
3.231470823174964918e-25
3.231477572199401041e-25
3.231481956427547449e-25
3.231484791556644549e-25
3.231486616553490166e-25
3.231487786190423811e-25
