3.360029390590511721e-28
3.762745502007235667e-28
4.186005284137613450e-28
4.631243055193171813e-28
5.099942692989417133e-28
5.593118266576646889e-28
6.112486358828753669e-28
6.659245442327813384e-28
7.234824103310850039e-28
7.840058129880717169e-28
8.475932698907605086e-28
9.142607019431828457e-28
9.839922045408141507e-28
1.056604126833613867e-27
1.131633632877169875e-27
1.208393417058491360e-27
1.285692327013496865e-27
1.361682725618059485e-27
1.433947135555961634e-27
1.499803129112111465e-27
1.556815092297198394e-27
1.604054443351146870e-27
1.642587967400297132e-27
1.675481940715522744e-27
1.706760428912784595e-27
1.740308825569933040e-27
1.779083785159929837e-27
1.824901897869393020e-27
1.878725503084754844e-27
1.940933364665278834e-27
2.011553862286118882e-27
2.090566244776129080e-27
2.177914206522448978e-27
2.273362050852008371e-27
2.376762551036009321e-27
2.488088520163174982e-27
2.607421438833879539e-27
2.734967122948206834e-27
2.871040329979257564e-27
3.016062621500655351e-27
3.170555892894317696e-27
3.335137208055116536e-27
3.510517719361402573e-27
3.697503001782877881e-27
3.896998806384126027e-27
4.110013397244742412e-27
4.337657073160879526e-27
4.581171499580931107e-27
4.841929560916922689e-27
5.121449813861944481e-27
5.421412319625908905e-27
