6.586593177267426588e-30
6.702894051275273467e-30
6.812221888210997819e-30
6.914533000553712653e-30
7.009810245487224927e-30
7.098059948533362521e-30
7.179311472487895343e-30
7.253618991305517557e-30
7.321065159900975135e-30
7.381766504051960307e-30
7.435880210989990440e-30
7.483611636390243621e-30
7.525221389718170658e-30
7.561030445991724782e-30
7.591421520289740266e-30
7.616835129604482119e-30
7.637759499541003435e-30
7.654714700665249715e-30
7.668232788909396458e-30
7.678836751549256189e-30
7.687021283720573267e-30
7.693237768250363918e-30
7.697884650147356671e-30
7.701303207596157671e-30
7.703777897745458657e-30
7.705540081645357350e-30
7.706773881571407598e-30
7.707623024056129542e-30
7.708197697965975530e-30
7.708580772287114152e-30
7.708833179467483101e-30
7.708998615728541850e-30
7.709107712317862509e-30
7.709181655916027948e-30
7.709235155040803714e-30
7.709278694491006772e-30
7.709320080294316085e-30
7.709365302648808479e-30
7.709418790509626291e-30
7.709483274182624570e-30
7.709559644075868080e-30
7.709647158350625246e-30
7.709744029319157604e-30
7.709848110835231636e-30
7.709957403657574377e-30
7.710070292248066003e-30
7.710185580693915254e-30
7.710302430361490340e-30
7.710420270035612447e-30
7.710538713127661521e-30
7.710657491298190976e-30
