2.422661553547806412e-26
2.842336883672365318e-26
3.243044781452919006e-26
3.612603805946242103e-26
3.942557257248845873e-26
4.228022687341168792e-26
4.467455983731116234e-26
4.662298210416516678e-26
4.816387034997420609e-26
4.935127680261904683e-26
5.024583535801894708e-26
5.090701045339106171e-26
5.138800091828312838e-26
5.173336901350464321e-26
5.197869473402023118e-26
5.215139907744644206e-26
5.227206287208497407e-26
5.235582441835617246e-26
5.241364517625180011e-26
5.245336363269620311e-26
5.248052843020881482e-26
5.249903439998102172e-26
5.251159618200182890e-26
5.252009440711923561e-26
5.252582511314598437e-26
5.252967738794784043e-26
5.253225870405612335e-26
5.253398264834638846e-26
5.253512991416060770e-26
5.253589045749746720e-26
5.253639248801814781e-26
5.253672231973595519e-26
5.253693791115248296e-26
5.253707806938610530e-26
5.253716868866093622e-26
5.253722697043256803e-26
5.253726427679083013e-26
5.253728806149802542e-26
5.253730317780095463e-26
5.253731276247314030e-26
5.253731882968318245e-26
5.253732266595248046e-26
5.253732508978233112e-26
5.253732662045135873e-26
5.253732758677552414e-26
5.253732819670013387e-26
5.253732858162214161e-26
5.253732882452616799e-26
5.253732897780165442e-26
5.253732907451755287e-26
5.253732913554344541e-26
