3.290890651674674018e-28
3.641542158620612722e-28
3.979540781427725793e-28
4.290176597930851486e-28
4.556177545798605055e-28
4.761817597001117460e-28
4.898650110961498413e-28
4.970371050739082396e-28
4.993161631269765647e-28
4.989707364561661398e-28
4.982015731909293265e-28
4.987084657760167888e-28
5.015845086607639762e-28
5.074347145912446382e-28
5.164670355745851358e-28
5.286453199363304326e-28
5.438483142281556639e-28
5.619014247607069628e-28
5.827002604069560096e-28
6.059956647067892604e-28
6.316188458575672223e-28
6.594601989360732015e-28
6.894574432792382567e-28
7.216139167460969327e-28
7.559362084735452325e-28
7.924696083889852481e-28
8.313072425621776812e-28
8.725677906277045360e-28
9.163924043073286086e-28
9.629462746578493248e-28
1.012416054675490428e-27
1.065003999215910517e-27
1.120942137867986332e-27
1.180486478225253186e-27
1.243919001727940723e-27
1.311550060157959085e-27
1.383721136151454877e-27
1.460808108950692358e-27
1.543224398563647739e-27
1.631425276619337481e-27
1.725912579589912897e-27
1.827239555847764563e-27
1.936016624028082525e-27
2.052917819502037714e-27
2.178688020967298338e-27
2.314151056010089923e-27
2.460218795353148134e-27
2.617901361134864125e-27
2.788318572316868890e-27
2.972712821434517239e-27
3.172463517807458760e-27
