5.373481589980782772e-28
5.412588958308434149e-28
5.445825384480454483e-28
5.473659947038528078e-28
5.496614409634463606e-28
5.515246507390713364e-28
5.530128783635845642e-28
5.541825903165986163e-28
5.550873687538932347e-28
5.557762497702724643e-28
5.562926355795030350e-28
5.566737905121167693e-28
5.569508382253885701e-28
5.571491339477720253e-28
5.572888794319240679e-28
5.573858611051436024e-28
5.574522106605037296e-28
5.574971108833018438e-28
5.575274043410869456e-28
5.575481012020715020e-28
5.575627997681245143e-28
5.575740250128451478e-28
5.575834847955059488e-28
5.575922586218767775e-28
5.576009514829156442e-28
5.576098376829347833e-28
5.576189923151870478e-28
5.576283931311397727e-28
5.576379840792582281e-28
5.576477064119433388e-28
5.576575094004342527e-28
5.576673508193609378e-28
5.576771931247607798e-28
5.576869979007061329e-28
5.576967192719321619e-28
5.577062962202624837e-28
5.577156438393025745e-28
5.577246446093344758e-28
5.577331430651537229e-28
5.577409504361369792e-28
5.577478673697602630e-28
5.577537271699478643e-28
5.577584462870993815e-28
5.577620542746249868e-28
5.577646826944534803e-28
5.577665208132668687e-28
5.577677658750408505e-28
5.577685897411686610e-28
5.577691260761800483e-28
5.577694714066678612e-28
5.577696921475143296e-28
