9.074470205238956164e-29
1.069855928001935179e-28
1.242705745450642971e-28
1.426400862247047037e-28
1.621370447781095190e-28
1.828144479345345069e-28
2.047126258056385037e-28
2.278806032051150687e-28
2.523736678887808210e-28
2.782262898591735971e-28
3.054835704912357588e-28
3.341466171594879846e-28
3.641914029250702088e-28
3.955375893060907122e-28
4.279907797917126889e-28
4.612088307123002142e-28
4.946123173371284424e-28
5.273634304477503120e-28
5.582984648131253858e-28
5.861008266304716576e-28
6.096221126306455725e-28
6.283088953089479965e-28
6.426278355804669016e-28
6.539679332938437119e-28
6.642146265307343900e-28
6.751718414885774256e-28
6.882537601242333439e-28
7.043368125465497096e-28
7.238833074020315420e-28
7.470823534741338384e-28
7.739719043885128290e-28
8.045127649269575278e-28
8.386347745793850212e-28
8.762729233382837429e-28
9.173893237116398533e-28
9.619939511366335709e-28
1.010087263091026880e-27
1.061759111000948088e-27
1.117157356200664593e-27
1.176479137389064614e-27
1.239970054014461871e-27
1.307920829916624876e-27
1.380667675838363515e-27
1.458592716731316870e-27
1.542127900397714021e-27
1.631752411950383938e-27
1.728000572026325831e-27
1.831468998226735767e-27
1.942820039176104250e-27
2.062788785931906442e-27
2.192191156626119694e-27
