3.886108668981796633e-27
6.000567329555919897e-27
8.777765262506026263e-27
1.229543539736683329e-26
1.661158034361296230e-26
2.175042474193118833e-26
2.768208410309016103e-26
3.430103430535944862e-26
4.141739822298258869e-26
4.877519412815193160e-26
5.609474212337239511e-26
6.311813081626966693e-26
6.963832850946341095e-26
7.550869000362617486e-26
8.064084099289932650e-26
8.499905912283694208e-26
8.859429275435719465e-26
9.147694552746590992e-26
9.372679597629613853e-26
9.544030696014449680e-26
9.671776437545518420e-26
9.765307744780886498e-26
9.832767581182984160e-26
9.880823954643969389e-26
9.914708827864435620e-26
9.938398076530196136e-26
9.954840676968174988e-26
9.966183513034321069e-26
9.973966852171764129e-26
9.979282908378968545e-26
9.982898834981267215e-26
9.985349224745419587e-26
9.987004134328021180e-26
9.988118268535795595e-26
9.988866074937211006e-26
9.989366520269439462e-26
9.989700429822478696e-26
9.989922533023875067e-26
9.990069778950560403e-26
9.990167045800334469e-26
9.990231042636348704e-26
9.990272965166167985e-26
9.990300296758695188e-26
9.990318026126137225e-26
9.990329468169390238e-26
9.990336816491560333e-26
9.990341515007884662e-26
9.990344508166129921e-26
9.990346409400591036e-26
9.990347614456157850e-26
9.990348377082219024e-26
