8.380576444834698398e-28
8.477936083760354479e-28
8.560296857754664723e-28
8.628932086358374837e-28
8.685245277783961158e-28
8.730719670052991657e-28
8.766859050260637022e-28
8.795128012948065860e-28
8.816899757693327148e-28
8.833417154599049845e-28
8.845769299430342297e-28
8.854882609675043486e-28
8.861523636134037250e-28
8.866310312865944551e-28
8.869728765537688588e-28
8.872153206560952798e-28
8.873866517834484478e-28
8.875079301166497169e-28
8.875945967356767504e-28
8.876577632678864819e-28
8.877052434093729541e-28
8.877423931122310715e-28
8.877727905475151922e-28
8.877987647075473944e-28
8.878217837889693831e-28
8.878427245580614747e-28
8.878620498212709031e-28
8.878799223855343727e-28
8.878962841923269117e-28
8.879109297573067546e-28
8.879235979432964593e-28
8.879340850354940514e-28
8.879423467912640846e-28
8.879485387764116077e-28
8.879529746243465242e-28
8.879560362037786096e-28
8.879580899891978977e-28
8.879594397807138325e-28
8.879603144508328061e-28
8.879608759115686036e-28
8.879612340956646457e-28
8.879614616868256951e-28
8.879616059285395645e-28
8.879616971961668065e-28
8.879617548850479873e-28
8.879617913253597690e-28
8.879618143340307095e-28
8.879618288580526252e-28
8.879618380246933890e-28
8.879618438094893163e-28
8.879618474598615023e-28
