1.336672211923815845e-30
1.381768715145038555e-30
1.424231692189700219e-30
1.464038952131306011e-30
1.501179551831652892e-30
1.535652094992857574e-30
1.567464034477496129e-30
1.596631966500213396e-30
1.623182771307365396e-30
1.647155473813811091e-30
1.668603692815925910e-30
1.687598460223398415e-30
1.704231041778728101e-30
1.718615225209422234e-30
1.730888421924451229e-30
1.741210930037634938e-30
1.749762900050441694e-30
1.756738950358500408e-30
1.762340923679448144e-30
1.766769778887230751e-30
1.770217849106053217e-30
1.772862530989750361e-30
1.774861995619070608e-30
1.776352995597045989e-30
1.777450493317651314e-30
1.778248681686430271e-30
1.778822944382747242e-30
1.779232343307532808e-30
1.779522286831954925e-30
1.779727104238574635e-30
1.779872332222226876e-30
1.779976625268625001e-30
1.780053313416155291e-30
1.780111683686658971e-30
1.780158038746080412e-30
1.780196547557658028e-30
1.780229893942259124e-30
1.780259742550430794e-30
1.780287055357010703e-30
1.780312297119674685e-30
1.780335568781381511e-30
1.780356708337353955e-30
1.780375397679362228e-30
1.780391300017780074e-30
1.780404214264044893e-30
1.780414187350415426e-30
1.780421524357541461e-30
1.780426698579441584e-30
1.780430226363947547e-30
1.780432571848927560e-30
1.780434103794533200e-30
